-1.386594962  
-0.9117608241  
-1.263844088  
0.1579057273  
-0.9061734752  
2.331922223  
-0.2315046778  
1.370005509  
0.6405780817  
1.125114895  
0.2876400975  
-0.9373877254  
0.6718836584  
-0.2541154927  
-0.1339466921  
0.9710465322  
-1.333588784  
1.603007804  
1.08183809  
-1.055215887  
0.4261844443  
0.09632616402  
-1.261406105  
-0.9014413683  
-0.5188879299  
1.860675522  
-0.1575910681  
0.9125684865  
0.4918034279  
-0.04868770586  
-0.6864842867  
-1.244056814  
0.252809065  
-0.8125792962  
-0.4692594868  
-0.5580837246  
-0.1693344714  
-0.1460006147  
-0.9008191752  
-1.079309163  
0.6242684563  
-0.3605508609  
-1.169826189  
0.8264851894  
2.777302571  
-0.6016116752  
1.044626835  
0.7498524133  
-0.8115176226  
0.007734972943  
