-0.3939834026  
-1.023765984  
-0.350310727  
-0.40299652  
-0.4578613841  
2.003096388  
0.344495326  
1.313029825  
-0.009555178864  
0.7085779469  
-1.264346053  
-0.7281458424  
0.07483964408  
-1.397856311  
-0.2851455797  
0.9074896845  
-0.08415842638  
2.160762496  
0.7366024271  
1.103587305  
0.3241387982  
0.7853102282  
-0.3958174004  
-1.529851768  
-0.6452787104  
0.3864799796  
-1.06198863  
0.8640813531  
1.611136254  
-1.001332752  
-0.6317948072  
-0.8040947038  
-0.03573665801  
-1.403212657  
-0.5686051418  
-0.863899812  
-0.499621596  
-1.282916737  
-0.2069688204  
0.7881717634  
0.3398411445  
-1.719304258  
0.6364924151  
0.8242725559  
2.4396332  
0.7709827016  
1.063307555  
0.542226769  
-0.6475180718  
-1.032487828  
