0.3890310224  
0.4200255891  
0.9880223947  
-0.3273005285  
-0.09798856257  
-0.5223472481  
-0.5683016711  
-1.031219153  
-2.22970245  
-0.2319908498  
0.3027861491  
0.9231579175  
-1.748494246  
-0.2037200885  
0.07106487087  
2.466054608  
0.890990789  
-0.07185785172  
0.8385034497  
0.5604110899  
-1.792419595  
-0.2028419717  
1.607945215  
1.177371056  
0.9230069063  
0.7193509845  
0.6737164816  
-2.002485276  
-1.279737332  
-0.434832549  
0.2073282032  
0.9325446469  
-1.015333223  
-0.4525202394  
1.371231175  
0.506231766  
-1.305438279  
-0.01636551214  
-0.2324176162  
0.4163073516  
-2.127624565  
0.887183113  
0.9756954777  
0.2785661214  
-1.132307205  
0.2860163326  
0.02643066749  
0.2366862134  
0.178109346  
-0.2265229249  
