-0.2136456653  
0.5055292758  
0.05910107056  
0.5384385495  
-1.306726966  
-0.2189883073  
-1.685418303  
0.4027161724  
1.196013464  
-0.2458357002  
0.545409934  
-1.492565365  
0.002405123836  
1.367442425  
-0.08720078379  
-0.1992523437  
-2.033009622  
1.799812931  
-0.03320957556  
-0.2516402518  
1.306368329  
1.424068458  
-0.9758301008  
-0.4130000796  
-1.162988024  
-0.278784652  
-0.1042323928  
2.368544432  
1.539009122  
0.9173192645  
0.1959735235  
0.3804198043  
0.2486796749  
-1.542654379  
-1.489681774  
-0.4507769327  
0.2975588217  
-1.342373873  
-0.4072286825  
0.2999540662  
0.7896330735  
0.7272775183  
-1.544128752  
0.2689615432  
0.6274363584  
-1.591332029  
-0.1880277168  
1.162175221  
0.1775338446  
0.1107502702  
