1.693606719  
-0.5019134288  
0.6475850245  
-0.368736027  
0.2947536154  
0.5994286508  
-1.00224708  
-0.441451925  
-2.069154693  
0.138922473  
-1.028845289  
-1.188689283  
0.3376211366  
0.3220328942  
0.1562797144  
1.19904408  
-0.05135994703  
-1.240986648  
1.385342915  
1.69560027  
0.4265057582  
-1.555646947  
0.9822133987  
0.9823944482  
-0.9855475357  
-0.6098864031  
-0.3372434258  
2.33443901  
-1.546174527  
-0.5839840905  
0.6304155711  
0.6220542743  
-1.047541913  
-0.5054667134  
0.2940445398  
0.7308756656  
-0.6864511948  
0.3557427954  
0.9693280477  
-0.4599593622  
-1.110208911  
0.224750946  
0.9064874442  
2.185140289  
-0.4889256674  
-1.154769894  
-1.129789883  
0.007792972928  
-0.5056543501  
0.4782324842  
