0.2743916413  
-0.3633844201  
-0.1995277909  
0.8393707214  
0.8129216976  
-0.3986997512  
-0.5671425445  
-1.075620301  
1.663706029  
-1.299191735  
-0.9158725964  
-1.794497245  
1.307279774  
0.7820475733  
-0.283633535  
0.2159034713  
0.107317183  
0.7035240935  
-1.365175323  
-1.275878585  
0.1705074998  
1.185009214  
-0.7811491813  
1.538145631  
-1.174246601  
-0.2940833646  
0.03364945026  
1.162365384  
0.8335661518  
0.6681502213  
0.0760876042  
-0.4998654562  
1.135129313  
-0.9530559787  
1.456033257  
1.084565245  
0.8373328818  
-0.4875398527  
0.7207559803  
0.60402309  
-0.5630071347  
-0.8768971007  
-1.45867022  
-0.69924518  
-0.3366935997  
-1.497669497  
-1.634282414  
2.451813023  
0.288544668  
-0.1571113904  
