-0.9039393208  
0.07969075561  
-0.3221165576  
-1.115987796  
-0.4458686804  
2.095959307  
0.2686650572  
0.7460668399  
-0.796340363  
0.723240931  
-1.194542921  
0.02652427781  
-0.8744211581  
-0.3864413879  
1.020062593  
0.8703511915  
-0.1736414019  
0.953725709  
1.399171877  
0.8604941232  
-0.09505285979  
-1.110893603  
-0.6668954894  
0.01594248835  
-0.8460251817  
1.713466645  
-1.284220686  
0.413084737  
0.5663935485  
-0.5921076578  
-1.467401535  
0.799782261  
-0.08792408656  
-0.0287210112  
-0.06641699033  
-0.8744182881  
-0.8576680171  
-0.7681916514  
0.2843581602  
2.016093409  
-0.8847705154  
-1.558655695  
0.1946321765  
1.524488392  
2.872100876  
0.199849506  
-0.06677255183  
-0.2499926951  
-0.8704974985  
-1.054219258  
