2.056434853  
-0.8570691505  
1.204197869  
-0.6021211119  
0.7049874277  
0.5716857407  
1.197749976  
-2.142785326  
0.7183179853  
-0.9805326785  
0.4000719783  
0.9035782416  
-0.4212765146  
-0.0574466523  
-0.8816342039  
-1.576338203  
0.3946830178  
-0.7227880259  
-0.636974862  
0.3905706348  
-2.361586004  
-0.09148002704  
1.025051943  
0.8314918239  
0.8681961757  
-0.06737586464  
0.5370457352  
-1.464011385  
-2.478958703  
0.5979856865  
1.022193181  
0.1728577405  
-1.304578617  
0.6793636252  
0.5497550383  
0.1911015052  
0.6011278349  
-0.2217237733  
-0.07130104864  
1.210471002  
0.116054282  
0.9378657107  
0.5694694721  
-0.9593472635  
-0.1781748463  
-1.022790508  
0.7460016437  
-1.12428297  
0.1971871913  
0.8290804243  
