-0.1911791841  
0.5339692977  
-0.1210639238  
-0.3121149813  
0.2745795113  
-0.5379630443  
0.6237058499  
-0.09650620476  
-0.01336456039  
0.2498691528  
0.6258900383  
1.130021674  
-1.178428846  
-1.556381337  
-0.9832874025  
1.045123971  
-0.5420730048  
0.8885813434  
1.566356461  
-0.915951097  
0.007255575941  
-0.7160467532  
-0.8607837333  
-0.09781001979  
1.696441394  
-0.07732862182  
-0.5329246075  
1.788255745  
0.8158810529  
-0.1504916974  
-1.713656919  
-0.2262600663  
-0.3375052747  
1.355890354  
-0.2101310447  
-0.8786558064  
-1.131933618  
-0.3555522735  
-0.402844282  
0.6149635225  
-1.040292227  
-2.049680886  
-0.3912592726  
2.995910563  
1.744138224  
-0.8361686268  
0.6459746519  
0.6154812935  
0.1513682118  
-0.9120185737  
