-1.302436315  
1.54772589  
-1.984013773  
0.04272409826  
-0.7484167942  
1.352466802  
0.03416526941  
1.46232535  
-0.08676762818  
0.3385742295  
0.0901700605  
-1.005444423  
0.08325273006  
1.348229674  
-1.013145548  
-1.740780284  
-0.5156375829  
0.6834596859  
1.243054425  
-0.4376269932  
0.05074883417  
0.3890862359  
-0.8634194751  
-0.1517057168  
2.419615787  
0.3367258045  
0.7629388479  
0.02797190507  
-1.132676005  
-0.2336570139  
0.2750625954  
-1.416443631  
0.3192092591  
-0.8099677731  
1.069974701  
0.9532694305  
-1.334401203  
-0.7987063375  
1.317718931  
-0.9044981081  
-1.423953486  
0.3836049928  
-0.09285613747  
1.211156312  
1.065793498  
0.5379910341  
1.089534326  
-0.9308877866  
-0.7126616141  
-0.7964470796  
