1.430306888  
2.665602549  
-0.06488108314  
-0.389749277  
0.1989067239  
-0.8106285089  
-0.05359088751  
-1.181471946  
0.3401583695  
-0.1554143473  
-0.4626429612  
0.6611232416  
-0.482384581  
-2.462272191  
0.8710718565  
0.9212315525  
-0.5299350781  
-0.513601595  
-2.358439493  
1.064552558  
-0.6441782251  
-0.9968199681  
-0.883180649  
1.689905749  
0.1142366805  
0.4658724063  
-0.1566027934  
0.5462660667  
-0.9724797153  
-0.4008004196  
1.682997066  
0.675555177  
0.7619169431  
-0.1421353716  
-0.05591099983  
1.003342697  
-2.014004403  
-0.8418228238  
0.9282663469  
0.03237769913  
0.303245243  
1.092707823  
-1.042691557  
-0.1231421341  
0.668176923  
-0.2230135176  
-1.048553547  
0.5411420896  
0.3923321666  
-0.04094674253  
