-1.542771194  
-0.09710030544  
-1.204784085  
-0.5205217369  
-1.434495689  
2.100588286  
2.212480248  
1.296721765  
-0.3799523083  
1.827482986  
0.3499852074  
-0.5063327819  
-0.2675910047  
-0.6414056973  
-0.2965752759  
0.04489589483  
-0.7900634289  
1.15208732  
1.558024332  
-0.1372633843  
0.1975921269  
-0.4544686353  
-0.4886424927  
-1.38600125  
-0.265330074  
1.739074797  
-0.1464995286  
0.3268377677  
0.05908518396  
-0.3190713988  
-1.224500565  
-0.9528618832  
-0.3002482754  
-1.322087004  
-0.09756859688  
-0.9065270391  
-0.2890285401  
0.6865383912  
-1.18692665  
0.8864718219  
-0.3362854709  
-0.2256683519  
-0.07783811817  
0.7250249231  
2.616034156  
0.5591179374  
0.4889205899  
-0.008008037464  
-1.156687564  
0.1361426306  
