-0.08291226981  
0.7056655299  
-0.4820134045  
-2.050067285  
0.2293799082  
0.4589763244  
0.4160196416  
-1.392531825  
-0.1263712618  
-1.5355031  
-0.6520236229  
0.3349442911  
1.173252965  
0.4306747767  
1.76877024  
1.431259089  
-0.4578228314  
-0.1522172326  
-0.1559522383  
-0.3024957514  
0.121136726  
0.4363401045  
0.4562954775  
-0.838362031  
1.83854693  
-0.4207448324  
-1.367602581  
1.676865244  
2.23134959  
-1.657903264  
-0.9778587438  
0.5258340763  
1.926822001  
0.2454799169  
-0.4400100085  
-1.683196676  
-1.020961259  
-1.091729694  
-0.02155745724  
0.06387443698  
-0.3067623827  
0.3849491389  
-0.004803320723  
0.533193102  
1.126308371  
-1.014840838  
-0.002555522755  
0.6773020109  
-1.021374304  
0.06693384582  
