-0.5545077957  
0.01123884583  
-0.7276047823  
0.01853035837  
0.8872681815  
-0.6564207314  
-0.6139073974  
-1.175976641  
1.930937984  
1.822664509  
-0.1691512706  
0.07151054318  
1.482391882  
0.6647857546  
0.07259103194  
0.363227071  
-0.6861444419  
-0.8178729282  
0.2807393617  
-0.6478578927  
-0.4970492157  
0.5731051264  
-0.1086132609  
-0.3088545268  
-0.3749499338  
0.6616673992  
-2.031476529  
0.5629352045  
0.701970355  
1.305694331  
-1.09597707  
0.1685489082  
-1.642089699  
-1.129107544  
-0.6071458773  
-0.2820324097  
-2.910151743  
0.5388392636  
1.517763073  
1.00380611  
0.1970055192  
-0.5706140437  
1.460298501  
-0.3463086885  
1.993267974  
0.4500653674  
0.06052796221  
-0.06963232576  
-1.081700651  
0.303766781  
