0.5334924814  
0.6491193373  
0.9491157659  
-0.3798005354  
0.9035779573  
-0.6483640073  
0.1936325537  
0.9109377049  
-0.1733897851  
-2.592097592  
-1.014008078  
-1.298426522  
-0.4194906528  
0.01642283015  
1.597598119  
0.9530478695  
0.08255900982  
0.6716178879  
-1.164436832  
0.5791573965  
-1.054998313  
0.7769611143  
-0.6992256531  
-1.160175185  
0.09482463662  
1.516933196  
0.7190690466  
0.6061755827  
0.8284557219  
0.05767010257  
-1.18951  
-0.5160064048  
-1.548944068  
-0.6546228287  
-1.853734615  
0.3896381504  
0.2457972893  
2.207575919  
1.950558544  
0.7322400246  
-0.4867662755  
-0.8409654126  
-1.479636059  
0.9925838824  
-0.06992552512  
-0.3282833838  
0.648713011  
-0.5633427271  
0.3437658167  
-0.0150904962  
