-1.063406609  
-0.3781165262  
-0.4124384023  
-1.619191113  
-0.8547989598  
2.083226877  
0.5117694323  
1.23189151  
0.6156272013  
1.745026193  
-1.02505944  
-0.2979067556  
-0.8486378351  
-0.3768885743  
-0.06550543194  
0.5655063868  
-0.2708603954  
1.608354317  
1.463029829  
0.06298099283  
0.2507139545  
-0.5073277072  
0.007368157726  
-0.3220618739  
-0.7470683983  
1.65618057  
-1.115258198  
0.677451017  
0.7740323794  
-1.371672342  
-1.933838009  
-0.2040443686  
0.109165944  
-0.9112141447  
-0.5120398321  
-0.5421278412  
-0.08813734075  
0.1449274458  
-0.1611293783  
-0.1945642641  
-0.2004342241  
-1.2943696  
-0.01010997321  
1.281367772  
2.691042392  
0.3509214063  
1.208051283  
0.1516813183  
-1.384142895  
-0.4779659459  
