-0.4176375649  
-1.495038117  
0.0846712331  
-1.41156233  
-0.3506263644  
1.237499475  
2.032722047  
1.888547902  
-1.099325439  
0.62307634  
-0.5826375043  
0.8466647297  
-1.923783793  
-0.8246460693  
0.3256577687  
-0.07661418133  
0.09248269012  
0.4318379659  
0.3139325784  
0.8501827083  
0.5986439558  
0.229969543  
0.6723443517  
0.3502812837  
-0.6715583348  
0.7375386915  
-0.3801689879  
0.5107535732  
0.3788978872  
-1.372852421  
-1.527154751  
0.3671767267  
-0.7295445676  
-0.1041235974  
0.5612580852  
-0.9169174979  
-2.020239277  
0.5003528085  
-0.2230665939  
1.426972849  
-0.9503326768  
-0.9069712995  
1.341727856  
0.4220170331  
2.020409618  
0.2055039276  
1.41775862  
-0.4985505522  
-1.090654104  
-0.8948762254  
