0.2676343142  
1.190905771  
0.8641338732  
0.2153101141  
0.2077834816  
-1.846038142  
0.1490445653  
-1.622567523  
0.4260564983  
-1.568346605  
0.7896154243  
1.26531344  
0.5175589326  
0.5796423576  
0.3966754879  
-0.003009236862  
0.6925235372  
-2.325212497  
-0.8731583325  
1.07901051  
-1.230333951  
-0.01404119356  
0.7645833817  
0.7028361532  
0.5737035831  
-2.131633838  
0.5979804352  
-1.341598762  
-2.553599299  
0.6206501119  
-0.06167055737  
0.7337932802  
0.2486176278  
0.4995146812  
0.9791503269  
0.315487958  
0.7385708012  
0.9115520244  
0.7067883307  
0.136709933  
0.5524846702  
0.2374114822  
0.7317254716  
-1.336138257  
-1.827023265  
0.3921048388  
-0.6506012031  
-0.1983321623  
0.05580830468  
0.4426231239  
