0.004503333103  
-0.978363962  
-0.2519803634  
-0.9355437664  
-0.2914934964  
-0.1093022521  
0.4743234832  
2.022473295  
1.205356182  
0.6905511395  
0.3869840723  
0.1602604148  
-0.8801086694  
-1.316547486  
-1.172635028  
-1.023549409  
0.7795911651  
-1.249487387  
-0.110725349  
-0.1233212319  
1.852629375  
2.243753067  
0.6377986741  
0.0002892553171  
0.6285404256  
-0.9315117283  
0.3261408682  
-1.250882793  
0.9473395964  
-0.2271089516  
-0.7564460533  
-0.4874932735  
-1.885365993  
-0.3961515261  
1.25241035  
-1.107770673  
1.895474495  
0.5691794846  
-0.4037729463  
-0.9862527376  
0.9984323793  
0.5819788239  
0.2140938786  
-1.110918329  
0.168421595  
0.4351048726  
0.888330805  
-1.418647369  
-1.140709347  
1.182129091  
