1.884270921  
0.3869918647  
1.456328774  
0.8482101779  
1.094154072  
-2.056446805  
-1.225694943  
-1.544427041  
-0.9394476683  
-1.979266446  
-0.2859869843  
0.3330966998  
1.206069504  
1.20414228  
-0.03492774334  
-0.02490233009  
-0.3162760317  
0.3191074159  
-0.8182972215  
-0.5963213731  
-0.6697792549  
-0.03590661977  
0.4155616085  
0.8158385222  
-1.519696381  
-0.6212366024  
-0.585974717  
0.01063991307  
-0.004699760184  
0.6955595476  
1.687718628  
0.1169430208  
0.8576966216  
0.6668350917  
0.5607183175  
1.065678427  
0.5033851312  
-1.183049194  
1.409970506  
-2.313042454  
-0.2594883735  
0.6625050371  
-0.7000800574  
-0.2622165604  
0.3219297866  
-0.6420414225  
-1.07166204  
0.2865387419  
1.313778938  
-0.4328015226  
