0.04263877824  
0.9698102158  
-0.1395566465  
1.605724025  
0.01029205737  
0.5533614155  
0.06977666768  
0.2449833852  
0.4196539428  
-1.968586877  
1.293840963  
0.4611704224  
0.9689474993  
0.1698328511  
0.1748697249  
-0.7534629575  
-0.4660911087  
-1.454990399  
0.5407250847  
-2.456110245  
-0.5831149874  
0.6395530207  
-0.1299715315  
-0.27696643  
-0.2592513551  
-2.081522466  
0.3526822131  
0.5968213917  
0.7654873835  
-1.178652688  
1.080700966  
0.1075144951  
-0.4384882673  
-1.503390076  
-1.572424498  
1.747033576  
0.07043861618  
-1.753859698  
-1.524222188  
0.6257072769  
1.146482924  
0.6574358014  
0.1588294944  
0.5014523375  
1.0675373  
0.746402069  
0.3364905623  
-1.117148984  
0.6646978829  
0.8669170595  
