-0.8124167163  
-0.6853581616  
-0.7893237168  
-0.07661306652  
-0.7139361682  
0.9323337545  
1.345106966  
0.8869950312  
1.380121246  
1.050119962  
-0.1074030195  
-0.3440103199  
-1.4012549  
-1.567598117  
0.07683877172  
0.6417608848  
-0.6966867976  
-0.001279178068  
2.64452843  
0.3938094057  
0.8198700522  
1.017310081  
-0.556396407  
-0.794002496  
-1.878948863  
0.4574334764  
-0.03366631079  
-0.6329798872  
0.545902046  
-0.2166967944  
-0.2754134609  
-1.090201035  
1.520237157  
-1.84127704  
-0.4342224183  
-0.7921617521  
-0.3586596459  
0.8986529153  
-0.8601358449  
1.015507423  
-1.166317733  
0.3067963954  
-0.3644325419  
0.9622145635  
0.3735941915  
-0.63209744  
2.605205399  
-0.2035079111  
-0.3128170089  
-0.2345234007  
