0.08942520995  
-0.5227896652  
-0.174504021  
-0.1828829791  
-0.3695346834  
1.585034134  
-1.998619383  
0.2629621282  
0.8269444476  
0.7580427969  
-0.3939734811  
-0.3308620624  
0.3747474414  
-0.4002285777  
0.6419634804  
-1.471570671  
-0.1461133885  
0.7666299817  
0.3341512193  
-0.2594730284  
0.6940196047  
1.977269747  
-0.6596749908  
-0.9195280844  
-0.5377174773  
1.367239712  
-0.1912833217  
1.105682501  
1.20140241  
-0.5432339619  
-0.2504538883  
0.313209005  
0.2360160714  
-0.6783210218  
-1.571283933  
-0.4163585813  
-0.0647461807  
-0.8356360109  
-0.08948657329  
-2.882143368  
-0.3688297088  
-0.9644363807  
-0.2380688214  
1.712480337  
2.300389205  
0.4135076151  
-0.7904819893  
1.716425266  
0.2395440346  
-0.6648501161  
