-0.3523228137  
-0.5860259175  
1.21701389  
-1.209436322  
-0.01005421186  
0.9939552304  
0.5584278673  
0.07141818127  
-0.5430576583  
1.128096345  
-0.9888847389  
-0.3950029902  
0.07025254632  
-1.402026761  
0.2749735374  
0.8994106131  
1.427105196  
-0.2698859359  
0.5597081501  
-0.3281869591  
0.6256238576  
-0.8201689383  
1.157939255  
-1.061836409  
-0.2645845897  
1.357463294  
1.395698617  
0.3582944259  
-0.6484713754  
-1.462629078  
-0.6400360028  
-0.4303840926  
-0.1989273356  
-0.5136288129  
-0.6709587592  
-1.907085306  
-1.72466638  
-1.285100086  
0.5940414182  
1.951128807  
0.3986002085  
0.3036104741  
-0.8833437726  
0.874679743  
2.17054545  
0.5580271171  
0.5930721744  
-0.3607311992  
1.270266454  
-1.851916409  
