-0.4987926462  
0.5097214896  
-1.048245933  
1.152303095  
-0.2187232948  
-0.6619381402  
-1.031087752  
-1.704252976  
-0.1262483256  
1.16199826  
-0.4416616917  
-0.03436989051  
-0.07557024539  
1.915771143  
0.7211610598  
1.506482574  
-1.05352842  
-0.1662303288  
-1.216308386  
0.3431370125  
2.091593658  
-0.7081061319  
-1.528141135  
-0.5335386354  
1.089338789  
1.378197313  
-1.529461686  
1.532495627  
-0.4977737365  
-0.8777647469  
-0.3390756045  
0.3060103805  
1.45366763  
-0.1497034867  
-0.3744233244  
0.2236560081  
1.910800656  
0.04094461012  
0.04708549897  
0.9234074262  
-0.4073359109  
-1.744288262  
-0.2877284228  
0.3480235739  
1.341770286  
-0.3544822902  
-1.017864525  
0.02712889303  
-0.4110848717  
-0.9869641807  
