-0.9298889452  
0.8364984928  
0.1174796452  
0.5977296769  
0.5136303673  
0.02467931568  
-1.489117673  
0.1971611591  
-0.5578370952  
-0.8112022767  
1.130914373  
1.859938844  
0.3367074953  
-0.6916797591  
-1.913026573  
-1.385690069  
0.5826173847  
1.517115302  
0.6926681068  
1.007732332  
-0.9897606255  
-0.2945902113  
0.2241296447  
0.2106373616  
-0.9356610042  
1.16847578  
0.8401746693  
-0.4356462886  
1.763746653  
-1.763787256  
-0.3992604445  
0.6699388694  
-0.7478879923  
-1.33864124  
-0.3293137828  
0.224777931  
-0.7932155057  
-0.8576724123  
1.208455192  
-0.4988558497  
-0.9079937806  
0.1667819485  
1.505181037  
0.8929536891  
-0.03103370397  
-2.202569542  
0.2535035269  
-0.5529407224  
1.191805371  
1.121838584  
