0.1377339191  
-0.9621660413  
-0.4019386863  
0.5293433375  
0.4488560636  
0.01585222286  
-0.4308726245  
0.841750795  
0.1023660909  
0.649465468  
-0.3146996782  
-2.149995482  
1.501041916  
0.4476355876  
0.01790997282  
-0.01976895884  
-0.7495392471  
0.8942600129  
1.148796786  
0.3773292279  
-0.5467758087  
1.134652231  
-0.7127173571  
0.5366313489  
-0.4116650673  
0.2265918024  
-1.32402764  
-0.3708276904  
1.273156427  
-2.505934575  
-0.0498864412  
0.6050611214  
0.658888441  
-0.5512198989  
-2.191219196  
0.05530475479  
0.06679909711  
-0.8333716146  
1.249409666  
0.5124646478  
0.7587601327  
-1.020858945  
-1.989733694  
0.7541678437  
1.90254346  
-0.8635415267  
0.1699194157  
2.110482796  
-0.3602511082  
-0.3661633051  
