-0.5635331723  
0.5822470491  
0.3249925525  
1.269200231  
0.5947789155  
-0.4549704164  
0.9192106469  
-0.9646232826  
0.4094468722  
-0.8835491958  
-0.5342820281  
-1.646659325  
0.3259527456  
1.065493413  
-0.6127621701  
1.110222005  
-0.3094175994  
-0.552451832  
-0.596620145  
-0.6321689006  
0.8196856337  
0.8755877162  
-1.101154387  
-0.05466814029  
-0.3862334829  
-0.7532697248  
0.07828854272  
0.6995591333  
0.474283616  
0.9036227264  
0.5112995959  
1.474258457  
0.3767150566  
0.248978157  
-1.736382067  
1.141556505  
0.5673796554  
-2.027964165  
0.2262395484  
-3.401253616  
0.3029555037  
-0.3640702884  
-0.1416613438  
-0.5088643011  
0.1257584041  
-1.525601339  
0.2853731642  
1.504054289  
1.175082824  
1.359937963  
