0.5317743997  
-1.136015854  
0.2682182853  
-2.091027138  
0.2449588024  
1.756360209  
-0.5479125475  
-0.258068764  
-1.162621917  
0.9377013638  
0.516802956  
-0.6001302714  
0.6544317552  
-0.2869164236  
0.5194542469  
0.9993212106  
-0.3432623237  
1.561100301  
-0.03479772718  
-0.1217680263  
2.45116863  
-0.01455783025  
-1.795850953  
0.2110148254  
-0.4624813717  
0.0293564357  
-0.3593101677  
0.03885641042  
0.3214688021  
-0.2949280119  
-2.150315035  
0.07956953547  
0.9431421183  
-0.22152985  
-1.38826644  
0.2913876552  
-1.107369465  
-0.2597449262  
1.006636329  
1.119704156  
-0.2504755354  
-1.69077429  
-0.6501942077  
0.6781407683  
2.096768684  
0.8710387404  
-0.1888071552  
-0.7878205753  
-0.8805660226  
0.9571362099  
