-0.9918164754  
-2.172943432  
-0.6855257441  
-0.6707362177  
-2.0388974  
1.169291758  
2.455760521  
0.5601788703  
2.203179784  
-0.283913216  
-0.17712402  
-0.488437678  
1.515358332  
0.3891131037  
-1.087724694  
1.334515648  
-1.743814296  
0.3119157493  
-0.08006430095  
0.8253273171  
0.8693655275  
-0.1777377521  
-0.6301851938  
0.04927747473  
-0.09429053285  
0.6881734032  
-0.5456441176  
-0.2575735668  
1.171858001  
-0.08068762562  
-0.7149558561  
0.05483476155  
-0.006003230077  
-1.072397585  
-1.03891907  
0.3411282788  
0.00116532642  
0.5767001435  
0.9817858103  
0.7554097383  
0.5945840646  
-0.1021588708  
-0.103131491  
1.624747741  
0.07101160012  
0.580645894  
-1.171570282  
-0.3359038232  
-0.8222771218  
-1.550895254  
