-0.6970517819  
0.008353165197  
0.6392613744  
1.185504013  
0.6927827222  
1.12527797  
-0.4874317273  
0.4162727173  
0.3467227223  
-1.315498648  
1.334143359  
0.135246503  
-1.724011867  
-1.614854984  
0.2408807888  
0.4069758161  
0.1666105395  
0.3358650832  
0.06927332306  
-1.041165785  
0.5641930758  
-1.182551514  
1.676805806  
-1.348009216  
0.5584176512  
1.233312573  
-1.44930749  
0.2135371337  
-0.8952052891  
-0.06963409037  
-0.5544817404  
-0.6414852104  
1.493678207  
0.731743522  
-1.777401851  
-0.3340644139  
-1.511657258  
-1.614060492  
0.8741989384  
1.077541267  
-0.3713451589  
0.3884126618  
-0.3341770444  
1.535881844  
1.339010301  
-0.5470972675  
-0.3409204237  
1.358842492  
-1.220992334  
0.9236600181  
