0.3700020466  
-0.7158113914  
-0.05706616009  
-0.206404534  
0.3598423303  
-3.037769833  
-0.05215753016  
0.2206786559  
2.334713189  
-0.05083174627  
-0.5451404043  
-0.5143798223  
0.9321193434  
0.884195825  
1.369049546  
1.507823055  
-0.8374461909  
0.4768634721  
-0.7069813767  
-0.7013208213  
-1.030670323  
0.3734441035  
-0.9447061469  
-0.8620113339  
0.3037629082  
-0.03355928641  
0.7314836896  
0.510121324  
-1.302228426  
-0.6249062935  
0.1357707297  
-0.2687055044  
1.949977013  
1.599374045  
-0.6810918856  
0.9601145716  
0.2352132527  
-1.462516533  
-0.07127843925  
1.059635275  
-0.1945588629  
-0.1535026556  
1.11592469  
0.06709821562  
-0.8308108528  
-0.523388579  
-2.177206388  
-0.2258550744  
0.2975329333  
1.017566181  
