1.274882747  
0.4261315193  
-0.7930178473  
-0.6059591174  
0.3180821595  
0.7802264557  
0.0179890689  
1.23589499  
-0.1694309572  
-0.2669438909  
-0.6848877293  
1.291162266  
-0.6978727539  
0.7605557649  
-0.117261083  
1.067611812  
0.1877121117  
0.8055628628  
0.0005166424229  
-1.646367358  
-0.2438213498  
-1.78183365  
-1.936125016  
-1.154411121  
-0.2195071731  
0.1270396004  
-0.2365221308  
0.5935294027  
-0.4899255463  
-1.073511402  
0.6853026287  
2.201106261  
0.5315252395  
-0.9251966375  
-1.34596633  
-2.640581247  
-0.3472216929  
-0.0696850122  
1.619449321  
1.083792924  
-0.09719190455  
-0.9756833822  
0.919307283  
1.321520517  
0.8344956701  
1.063716477  
-0.3971790046  
0.81944598  
-0.465576087  
-0.5848802807  
