-0.6333943497  
0.2368646878  
-0.5372068935  
-0.3900000354  
-0.4911570778  
1.574032922  
-1.18220192  
1.332738518  
0.1515803266  
0.7529854138  
-1.235276825  
-0.7619065372  
0.750450485  
0.2449193728  
-0.741614107  
0.6310631594  
-1.08841176  
1.477168985  
0.3666925056  
-0.7818604838  
1.477365747  
1.480040013  
-1.40529571  
-0.914691045  
-1.180676048  
1.017806731  
-1.195417364  
1.620486933  
1.902226394  
-0.2506084245  
-0.1000801351  
-0.4305020374  
0.1483532807  
-0.2304366869  
-1.885138113  
0.1862748512  
0.5117048126  
-1.07743988  
-0.2188989567  
0.3786974915  
-0.1964422767  
-0.7861471002  
-1.144448992  
0.8302117255  
1.922439025  
-1.164897134  
0.1270369865  
1.701097643  
-0.2137340776  
-0.5843540397  
