1.18125348  
0.4012233844  
1.242648227  
0.1133320204  
0.54491817  
0.6723694074  
-1.415896496  
0.1972250637  
-0.03123828516  
-0.989612983  
0.06153218012  
0.0639800043  
-0.4989178329  
0.02504980896  
-0.7333679427  
-0.7422260875  
0.92654141  
-1.259560365  
-1.81718708  
0.6752054508  
-1.060793312  
-0.9481892377  
1.414947839  
0.5935279588  
0.9371008288  
-1.896965368  
1.227019625  
-1.785165221  
-0.366531192  
0.7010697351  
1.050642884  
0.2234442494  
-0.2996296576  
0.6746685727  
0.3290896062  
0.179607923  
0.1195064825  
0.9431162753  
0.2927277505  
-0.8016019721  
-0.5201677389  
1.200916119  
0.2591765612  
-1.961603311  
2.624260436  
-0.6902286051  
-1.235736407  
-1.04290008  
1.143617046  
0.07780067513  
