  1   1 -0.00305955
  1   2 -0.03077622
  1   3 0.00438597
  2   1 -0.02753157
  2   2 -0.02937732
  2   3 0.15119322
  3   1 0.00523736
  3   2 0.02458884
  3   3 0.02228806
  4   1 0.01497482
  4   2 0.02408743
  4   3 0.05557338
  5   1 -0.02771599
  5   2 -0.00585281
  5   3 -0.01269628
  6   1 0.01910816
  6   2 0.01605957
  6   3 0.09384259
  7   1 0.02271055
  7   2 -0.00501149
  7   3 -0.00842619
  8   1 -0.02623049
  8   2 -0.00570403
  8   3 -0.02834112
  9   1 -0.01475954
  9   2 0.00312679
  9   3 0.06156149
 10   1 -0.02353252
 10   2 -0.02406732
 10   3 0.07830795
 11   1 -0.04197219
 11   2 0.01810872
 11   3 -0.01963675
 12   1 -0.02545149
 12   2 -0.01254065
 12   3 0.05351094
 13   1 -0.03877516
 13   2 0.01536666
 13   3 -0.06999438
 14   1 0.00368613
 14   2 0.01400695
 14   3 -0.05340147
 15   1 0.01087649
 15   2 -0.00762239
 15   3 -0.03576412
 16   1 0.00119019
 16   2 0.02597960
 16   3 -0.00188498
 17   1 0.00136892
 17   2 0.01046740
 17   3 0.08449394
 18   1 0.05052156
 18   2 0.01342269
 18   3 -0.09880969
 19   1 -0.02114999
 19   2 -0.01977071
 19   3 0.00017286
 20   1 -0.01321243
 20   2 0.03067700
 20   3 0.06818727
 21   1 0.07805613
 21   2 -0.01819129
 21   3 0.10808310
 22   1 -0.00776927
 22   2 -0.03419090
 22   3 0.02358853
 23   1 -0.00034658
 23   2 0.04701648
 23   3 -0.06129656
 24   1 0.01900572
 24   2 0.00228403
 24   3 0.01912949
 25   1 0.01245032
 25   2 0.00855859
 25   3 -0.02149318
 26   1 0.02125623
 26   2 0.01257715
 26   3 0.03389339
 27   1 0.01677093
 27   2 0.01472362
 27   3 0.08282452
 28   1 0.01270981
 28   2 -0.01158209
 28   3 0.06453731
 29   1 0.04964176
 29   2 0.04558182
 29   3 0.04076880
 30   1 0.08085326
 30   2 -0.01812742
 30   3 0.04072537
 31   1 0.02073565
 31   2 0.02518674
 31   3 0.05838188
 32   1 0.04571318
 32   2 -0.01146310
 32   3 0.01359882
 33   1 0.02249843
 33   2 0.01415072
 33   3 0.03053624
 34   1 0.02633275
 34   2 -0.00103795
 34   3 0.01908363
 35   1 0.03355268
 35   2 0.03908075
 35   3 0.00235498
