  1   1 -0.03207025
  1   2 -0.01345311
  1   3 -0.03044927
  2   1 0.00488045
  2   2 -0.00840363
  2   3 0.00147306
  3   1 -0.01540259
  3   2 -0.00696928
  3   3 0.05358429
  4   1 -0.03575732
  4   2 -0.01791560
  4   3 0.00625570
  5   1 0.02959312
  5   2 -0.02067239
  5   3 0.06597329
  6   1 0.01440280
  6   2 0.02851780
  6   3 0.12100672
  7   1 -0.01400310
  7   2 -0.01346335
  7   3 0.09414870
  8   1 -0.02089154
  8   2 -0.00448406
  8   3 0.10122977
  9   1 0.02300983
  9   2 -0.02047692
  9   3 -0.04013989
 10   1 -0.00370875
 10   2 -0.01176746
 10   3 0.00830215
 11   1 0.01293592
 11   2 0.00926590
 11   3 -0.03564215
 12   1 -0.02496691
 12   2 -0.01501183
 12   3 -0.01358100
 13   1 -0.06736478
 13   2 0.00671696
 13   3 -0.08832396
 14   1 0.00144234
 14   2 -0.00249594
 14   3 0.11115742
 15   1 -0.01677232
 15   2 -0.01816397
 15   3 0.04475033
 16   1 0.02068895
 16   2 -0.03275734
 16   3 0.04834841
 17   1 0.00402019
 17   2 -0.03596660
 17   3 0.00695093
 18   1 0.05066431
 18   2 0.00687787
 18   3 -0.10089880
 19   1 -0.00060386
 19   2 0.02853036
 19   3 0.01566776
 20   1 0.02991692
 20   2 0.06918657
 20   3 -0.04598511
 21   1 0.04427767
 21   2 0.05176719
 21   3 0.08165283
 22   1 -0.00145212
 22   2 -0.01029502
 22   3 0.10294694
 23   1 -0.02718421
 23   2 0.02682166
 23   3 -0.03196166
 24   1 0.03472533
 24   2 -0.00282912
 24   3 0.04074220
 25   1 -0.00142931
 25   2 -0.01411137
 25   3 0.03239449
 26   1 0.02125508
 26   2 -0.02158467
 26   3 0.00134351
 27   1 0.04677456
 27   2 -0.02465859
 27   3 0.09903429
 28   1 0.10146384
 28   2 0.00708063
 28   3 0.04039120
 29   1 0.01564704
 29   2 -0.00984007
 29   3 0.08496880
 30   1 0.01679886
 30   2 -0.00608968
 30   3 -0.04180828
 31   1 0.04143242
 31   2 -0.01103469
 31   3 0.01390893
 32   1 0.00161811
 32   2 0.00609835
 32   3 0.05797945
 33   1 -0.03271391
 33   2 -0.01757341
 33   3 -0.00477033
 34   1 0.05298115
 34   2 0.01211745
 34   3 0.07936579
 35   1 0.01917707
 35   2 -0.01210463
 35   3 0.05954048
