-0.4902173569  
1.206457189  
-0.4330391087  
-0.9829258634  
-0.6858409635  
-0.7438704931  
0.4313006246  
0.2134395879  
-0.3141573721  
0.2056743086  
0.2295922598  
-0.4456124009  
1.138558667  
0.216625654  
-0.8843360567  
-0.1145334512  
-1.132081273  
1.831799704  
0.8976116509  
-0.4650239439  
-0.5307235263  
1.206894161  
0.668586018  
-0.07188767398  
-1.093378539  
-0.8170922016  
-0.1870286913  
-1.11892356  
0.4035960969  
-0.2501603395  
-0.03447504071  
-0.3616040532  
0.1187092989  
-0.311217112  
-1.12271044  
1.378949486  
3.239257593  
0.0952042539  
0.8098729482  
0.3603095576  
-1.834676282  
-0.3206740268  
-0.5561774186  
0.4444156999  
0.514169381  
-0.7239480411  
1.46236951  
2.415329236  
-0.1538946961  
-0.8411486023  
-1.343556707  
-1.053210723  
1.388082958  
0.3516523817  
1.542655829  
-0.2706040212  
-0.4365637647  
1.129861265  
-0.9664204325  
-0.2394626842  
-1.297909666  
-0.7432650948  
-0.2317529726  
-0.8446767798  
1.68558927  
-1.418851828  
1.601300092  
0.05822776828  
1.298623814  
-0.9828838278  
-1.389868672  
-0.304330561  
