1.597759552  
-1.627854424  
0.4486148157  
-0.8498430957  
0.05412188821  
-0.08766734748  
-0.3790947042  
0.3265873796  
0.8333994902  
-1.283765636  
0.5574843237  
0.5292922324  
-0.1252290123  
-1.123588487  
0.5042084347  
-0.4040011746  
-0.7252133621  
0.2982230832  
-0.9102080441  
0.5825113741  
1.203847405  
1.525602984  
-1.21905124  
0.6363816506  
0.1743572707  
-0.3071612322  
0.9711002726  
-0.1216478321  
-2.24770816  
1.140462425  
-0.7956790833  
0.2723171522  
-0.5790882787  
0.6392083933  
1.937669521  
-2.603694536  
0.8689443052  
-1.609249773  
2.101649618  
-1.500269607  
1.092001384  
-1.058548601  
-0.4053996025  
1.693606815  
-1.271908739  
0.687566707  
-0.8115035375  
0.9099900787  
-0.4595687354  
0.3468284701  
0.728486356  
0.8047288545  
-0.9378118819  
-0.3259072651  
0.9798221616  
0.4108115653  
0.9768758426  
1.014310744  
0.5027699411  
-0.8890797316  
-0.5037629401  
0.8885350839  
-0.9711393519  
0.1701525697  
0.16787981  
-0.7079026946  
0.9324713003  
-1.61150472  
-0.7743238189  
-0.858677039  
0.3680169153  
0.2084555206  
