0.3213479618  
0.279029622  
0.2037820201  
-2.205370832  
-2.136193528  
1.084384803  
0.1080530777  
0.3600210705  
0.3221257881  
-0.422363984  
0.7498167485  
-0.4921317758  
1.007950662  
1.493660495  
-1.335369605  
-0.2441402958  
-0.307913639  
-1.544893978  
0.4546746711  
1.19828471  
0.691505252  
-0.2560961759  
0.6471975365  
0.4543330696  
-1.52298155  
-1.026110392  
-0.8523196122  
-1.278749622  
0.07178637457  
0.6812680138  
0.7783127197  
0.1047827158  
-0.1797730692  
1.413791645  
0.4304202539  
1.456384655  
-0.5318855137  
0.7693671248  
0.4135345496  
0.6130999438  
-0.7892293876  
-0.3615714279  
-0.4982604555  
0.848068596  
1.24916361  
-0.4681618718  
-0.4761626571  
-0.752745098  
1.238557429  
-0.3739188836  
-0.1948650827  
0.4870870433  
-1.949456962  
2.045445277  
0.8725841397  
2.18239497  
0.6676675056  
-0.1934536641  
-1.027736671  
-0.2521369207  
-1.020265051  
0.8619279067  
-0.9615064514  
0.06433281642  
-1.861405739  
-1.251887013  
-0.7506282804  
0.9701648465  
-0.03287133328  
-0.8760230645  
-1.04430321  
1.876573174  
