-0.5223607573  
0.6765109426  
-0.8457746729  
0.3331279372  
1.048204233  
0.4234418096  
1.192207239  
0.2048370647  
0.2849754585  
1.387873355  
-0.3299428361  
-0.1551249794  
-1.828291227  
-0.3729641177  
-0.8299566631  
0.380951739  
-1.810995678  
-0.1366820268  
0.5204464561  
-0.007151772336  
0.2500065181  
-0.05429281782  
-0.5985908721  
-0.09598650385  
1.057812582  
-1.445120525  
1.029870025  
0.5422727712  
1.076265235  
-1.798816016  
0.155957249  
-1.47454531  
1.095553571  
0.3161586008  
-0.301588253  
0.298355984  
0.2377747941  
0.2680998072  
0.2261070947  
-1.259783068  
0.3083834592  
0.2769335193  
0.868703187  
-1.047201101  
1.245625523  
0.5325564096  
0.2903049496  
-0.03558466612  
-1.262379962  
0.4229532629  
0.6876879152  
0.03511197788  
0.3257048227  
-1.664214616  
0.5036408159  
-2.158842759  
0.2509805577  
-2.219288756  
0.40419213  
1.455787723  
-0.6153851016  
0.190795874  
2.054877325  
-0.4400288531  
-1.484436526  
0.8177811441  
-2.531523737  
1.987649635  
-0.6892215024  
0.4711478965  
0.7569104699  
1.121536613  
