0.3819282575  
1.323829516  
0.9622030339  
0.09970294973  
0.9468354563  
-1.173776927  
-0.3734685507  
-0.5137917718  
-0.3191102747  
-1.27530516  
-0.02047533639  
-0.2290004125  
-0.9460905104  
3.114205529  
0.8048314039  
-1.337050677  
-0.4672078927  
-0.174002334  
1.36299426  
0.1223229058  
-0.2242345443  
-0.1533037546  
-1.952397567  
-0.6509400766  
0.1178138141  
-0.3288570126  
-0.6659916817  
0.8934721633  
-0.1193397289  
0.7563935789  
-0.4121133051  
-0.2494867844  
-0.2125653291  
-0.3340939543  
0.4326002489  
1.912028094  
-1.918993229  
-1.09057422  
-0.2516659494  
-0.3526306657  
2.210704003  
-1.2780111  
-0.05207632026  
0.8122818867  
1.484519865  
-0.4261265954  
-0.8392114056  
-0.8123544641  
-0.09474959767  
0.2611797557  
0.9612812865  
0.7110006226  
-0.2419057499  
-0.3130109308  
0.07492177874  
-0.087092832  
-0.2672376141  
0.2814293752  
1.242553361  
-1.169779177  
0.7794870554  
0.1679799768  
-1.595078685  
-0.03315966586  
-1.062713221  
1.853463434  
0.1317091117  
-0.5083694816  
0.8135655638  
-1.209903206  
2.221082959  
-1.501073553  
