0.08519477242  
-0.1873211195  
-0.4831850613  
1.047696831  
2.478187462  
-0.1303407667  
0.5218110094  
-0.1172682002  
0.0998807993  
0.02682953528  
-2.016813248  
-0.7985078777  
-0.3400150991  
-0.3569023565  
-0.4575334418  
-0.5856245969  
0.03483518686  
0.7702564786  
0.8165767473  
-1.243611273  
0.4253135448  
0.8724010501  
1.265982046  
0.3639212738  
-0.06027313112  
-0.8248129194  
0.4991475218  
-0.3038086444  
-1.670312637  
0.2871450345  
1.506966725  
-1.604514756  
0.2280815637  
-0.2269617094  
-0.4245475995  
1.525914023  
-0.4604289138  
-2.148628037  
2.586582617  
-0.1001719749  
0.196050379  
-0.6887891719  
-0.381668969  
-0.06824893881  
-0.4758024968  
-0.3010619379  
-0.5458245998  
0.2150065907  
-1.139812033  
-1.255386706  
-0.07761875829  
-0.1784151045  
-0.3956202052  
1.31735729  
2.95033665  
0.7109154805  
-0.1129974812  
1.098937299  
0.1787571437  
-0.9370858417  
-1.158086768  
-0.8134729957  
-0.2619391736  
0.1523266299  
-0.6192542655  
1.492308956  
-0.2114500839  
-1.251176673  
0.136364315  
-1.135081033  
1.909950674  
0.7493409725  
