0.4196744062  
0.902758706  
-0.7842120862  
-1.368778343  
-0.9969456827  
-0.2288284444  
0.2737024856  
0.3733031328  
1.141112253  
-0.5361747891  
-0.4037375432  
-0.5570513441  
0.7768994024  
0.6250245973  
0.01310011084  
0.02981452036  
-2.911344773  
1.041162015  
0.8843829767  
0.3488488962  
-0.5438656354  
1.505592163  
0.3869008797  
0.8855331086  
-0.0491942133  
-1.911524491  
-1.176614188  
-0.7884459544  
1.09850444  
-0.7915280282  
0.213180834  
-0.6231936017  
-0.3369712831  
0.2096097953  
0.2381432444  
0.06875093854  
1.975647494  
0.2632422806  
0.4954565493  
0.01045607787  
-0.4298000659  
-0.6746143996  
-0.7040320903  
0.3267252302  
-0.2068106501  
-0.8151208377  
0.9312844267  
0.9439221788  
1.107516935  
-0.2636599442  
-0.2051428166  
0.3996188462  
1.838764866  
1.757705159  
0.03900024046  
1.584785779  
0.1283349461  
0.3190993619  
-0.6947672161  
-1.447306916  
-0.2496302831  
0.5028116834  
-0.5707326415  
-3.239014173  
1.984869031  
-0.7995582482  
1.017696691  
-0.4054750803  
0.4566045169  
-1.340238179  
-0.7152395948  
-0.7499876621  
