0.5475348336  
-1.712099569  
0.1904096936  
0.1210321696  
0.4743692962  
1.623661355  
0.8083272102  
0.1645690519  
-2.24187161  
0.5022381604  
-1.069533661  
0.1780209798  
0.7103749741  
-1.480971972  
0.04254905348  
0.5996309467  
1.872382044  
0.2027578934  
1.228613957  
0.3348045031  
0.8061260264  
-0.1096439796  
-0.468059953  
-1.568078764  
0.7749823854  
1.308573807  
-0.608813989  
0.5436571225  
-0.03374041641  
-1.425148208  
-2.106798781  
-2.32474515  
0.797846656  
-0.06375850036  
0.1681010818  
-0.2370365117  
-0.09914316643  
-0.1509894513  
0.7534758557  
-1.913448716  
0.515743051  
0.2319509115  
0.7890817878  
-0.1435433041  
0.6793557052  
-0.5661667159  
-0.7679975868  
-0.05152523325  
0.5677662369  
-0.6865780808  
0.900006971  
-0.7535818669  
1.986830688  
-1.528491049  
0.7432308969  
0.1556312922  
-0.8760314984  
-0.2266888259  
0.07567606452  
-0.09562098692  
-0.2217864334  
0.6113452311  
0.3191946663  
0.6317808971  
2.204998827  
0.4817860621  
1.146168277  
0.5899252727  
-1.407545305  
-0.6299718365  
0.1890842684  
-2.004185042  
