-0.03174426706  
1.171258679  
0.9124910438  
-0.7941048099  
-1.341933411  
-0.02899920767  
-0.6480389566  
-0.5597398563  
0.6644016055  
-0.5553817862  
-0.202257328  
0.4044546516  
0.163012859  
-0.1426534226  
-1.062076697  
-0.8668580225  
1.261145311  
1.754334229  
-0.2164469037  
0.3181289126  
-0.1058312477  
1.558952251  
-0.8550803164  
-0.6464318334  
0.2144149237  
0.1033331553  
-0.3609935893  
-2.10926886  
1.668190399  
0.3387663728  
0.9222155511  
-1.050676718  
-1.325760674  
0.2267729963  
1.441293032  
0.3433285898  
1.460823907  
-0.8221362632  
1.700119011  
-1.767391468  
-0.3874324123  
-0.9555636639  
-2.359030949  
-0.4411410908  
-0.9240496555  
-1.184113576  
0.8049245536  
2.095717566  
2.054067526  
0.3533764396  
-0.2029632679  
0.5543908805  
1.459153831  
-0.6941713555  
0.3570426035  
1.61387073  
-0.6097115308  
0.5230841642  
-0.7967352422  
-0.3499455125  
-0.3858169385  
-0.3148218628  
0.3590570922  
-0.4821831418  
0.9210588465  
-0.884604512  
-0.007479538073  
-1.04686897  
0.2348474093  
-1.186704368  
-0.4584757213  
1.207589826  
