0.3800089576  
-0.3892151201  
1.37734912  
0.3735421675  
-1.169062427  
0.1601708263  
-0.7862097776  
-1.418406271  
-0.8542760952  
-0.8571116572  
-0.5865285124  
1.131919879  
-0.9272113235  
0.8654668157  
-0.1096514222  
-0.3669349093  
-0.8309413702  
-0.6060917625  
-1.438049077  
0.9768171031  
0.5931407182  
1.560146299  
0.8117991755  
-0.2011031569  
0.7868021803  
1.525782613  
-1.58399276  
0.8326196033  
0.6366287796  
0.5358907643  
0.1398922159  
0.6163772503  
-1.628087293  
0.4075108491  
-0.8295900686  
-0.7125177341  
2.477315006  
2.21385258  
1.082916968  
-1.835885595  
-0.3538943869  
-0.04726536613  
-1.370515472  
0.01525306219  
-0.4736052751  
-1.161693145  
0.1595741381  
1.139245874  
1.39637967  
1.104704905  
-0.4734503602  
0.3036321861  
-0.7573164769  
0.262583081  
1.463489349  
0.0484316276  
-0.3636681855  
-0.01902383405  
-0.9184841092  
-0.9183257562  
0.2453888312  
0.6714986968  
-1.027964942  
-1.586229604  
0.9465365294  
0.9294005661  
0.4864559093  
1.028638323  
-2.090330214  
0.2203483213  
-0.3740402158  
-0.840837266  
