-0.906003683  
-0.7885963711  
-0.4942489555  
0.142547713  
0.730854762  
-0.2513081388  
-0.7400735015  
-1.046994779  
-0.5803636059  
1.106360456  
0.1030148284  
0.575302365  
1.259841841  
-0.1690184704  
-1.527216395  
0.8335470158  
1.989219377  
-1.603199333  
0.8149644809  
-0.2851115666  
-0.4571446826  
1.211944868  
1.687831987  
0.3032126409  
1.722634415  
1.022339621  
-1.591523106  
1.145513745  
0.7288055529  
-1.515073563  
-0.8717305934  
0.5549555344  
-0.853707747  
-0.3599976214  
-0.9933577808  
0.4055457913  
0.8727532904  
-0.8794137534  
-0.8726803101  
-0.9032430386  
-0.1887182152  
0.641797106  
0.3814401192  
1.173070154  
-0.759423423  
-0.1165134269  
-0.7955128933  
-0.04009856193  
0.06264615026  
1.373698333  
0.6527639975  
-0.03584846435  
-0.05525111706  
-1.90904145  
-2.017746634  
-0.1360568273  
-1.195708093  
-0.3120694203  
-1.327632364  
1.75245692  
-0.01922864407  
0.2813786948  
1.892959468  
-1.546365781  
0.04645985727  
0.2482440208  
1.178781217  
1.1986176  
-0.367029318  
1.453706209  
-0.07103754913  
-0.9659209513  
