0.9214964092  
-0.9633881436  
-1.597631625  
1.591192103  
-0.1409834668  
0.3824616037  
1.521706471  
-1.147422219  
-1.423927409  
-0.03711497679  
1.653514106  
1.084374832  
-0.02848016711  
-0.9277140124  
-0.6905225978  
-1.143132103  
1.429163273  
-0.06924200078  
-1.056445555  
-0.8986077008  
0.1139313867  
1.421624115  
0.8962579141  
-0.0005488436843  
-0.1628635058  
0.6367698729  
0.8826893598  
0.0155698629  
-0.3189467145  
-2.763886327  
0.7577826406  
1.923414617  
-0.9785462982  
-1.130636081  
0.2132232566  
0.6915425319  
0.7035144446  
-0.5620306325  
0.738889473  
-0.8492282048  
0.9191842103  
-0.6445104105  
-1.530258087  
1.401712332  
0.4189228272  
0.03347449448  
0.1500388532  
0.4723775934  
-0.2012072193  
-0.4405379079  
-0.5627165048  
-0.7533364019  
0.1869068028  
-0.6362403778  
-1.208460384  
-1.098949998  
-1.090072278  
-1.209831193  
1.219785766  
-1.686199057  
0.8623822804  
0.6826116196  
0.8381203511  
1.48144237  
0.5702518191  
1.796677589  
-0.6112219768  
-0.8021295855  
-0.6014147611  
0.5981849477  
0.3424680519  
0.4147245461  
