-0.733576639  
0.4016310356  
0.2777625677  
-1.66780357  
-0.6500465918  
-0.1716167581  
0.1471759735  
-1.257266326  
1.97498709  
-0.6412107484  
-1.035271072  
0.3137428054  
0.9145250206  
-0.7638495444  
-0.9233958752  
-0.4379245592  
0.2321350482  
-1.00534437  
1.05554721  
0.7980111188  
1.21984551  
0.6925520303  
-0.754790059  
0.9991503223  
-1.239535102  
0.4043008741  
1.844325516  
-0.4393957181  
1.634168337  
-0.1313146641  
-0.4353983064  
0.08687239205  
-1.546352299  
1.133007335  
0.04669786174  
2.246191343  
2.008902022  
0.3125063084  
0.1864023895  
0.2156584451  
-0.2329161196  
-0.1548732252  
-1.318225992  
0.16956139  
-0.5919980126  
-1.29698188  
1.037092882  
0.2037593016  
1.079445744  
-0.3254334158  
-1.73604493  
-1.191447568  
0.5264667781  
-0.06948351009  
-1.231314533  
-0.3367862495  
-1.023194765  
1.397619131  
-1.313826288  
-1.075749846  
0.3991871876  
-0.4358764957  
-0.2235526309  
-1.057322994  
1.235087641  
-0.2200071884  
1.2411884  
-0.1680157679  
-1.044076828  
0.2645941856  
-0.1902191551  
2.371338397  
