-1.647902076  
-1.348064026  
-0.3747711084  
-0.6794485506  
-0.5028213121  
2.091508197  
0.2079277269  
0.1770915033  
-0.428669677  
0.9571057389  
-0.9566298011  
0.5709010886  
-0.1064759704  
-1.177704647  
1.223278667  
0.4361607902  
1.029976401  
1.560054746  
-2.02272409  
0.4780504267  
0.7966646661  
0.9830136291  
-0.834814312  
-1.065708039  
2.29712921  
1.966994997  
1.218758276  
0.2436198769  
-0.9901670521  
-1.973064147  
0.678012728  
-0.2997481843  
-1.69757265  
-0.7577026536  
-0.303429766  
-0.00919976015  
0.6107178324  
-1.151072263  
-0.1195200102  
-0.2520511675  
-0.9356719087  
-0.7795413011  
-0.07724813196  
1.982459777  
-1.001845868  
1.373486263  
-0.03217337918  
0.3742510298  
0.484298399  
1.00736628  
1.234335689  
1.008732097  
-1.0506023  
-0.2860333272  
-0.9328802973  
-1.033189231  
0.3697662159  
-0.9073529495  
-1.192538849  
-0.344343258  
1.311361068  
0.3469778079  
0.3525404702  
0.9019421374  
0.5595161222  
0.3420420062  
-0.3074498353  
-0.6331495986  
-0.9559040901  
0.3863807419  
0.217563921  
-0.6108009365  
