-0.2678855312  
-1.621437088  
0.3609848083  
-0.3550528514  
0.6769509474  
0.2827311357  
0.562227853  
-0.5326764381  
-2.083032547  
0.4515496483  
1.213787923  
0.9526711268  
0.3402827189  
-2.328903245  
1.896106538  
-0.4072677416  
0.8324999552  
-0.47129  
0.07242781749  
-1.035202432  
0.8444678042  
2.082681348  
-0.6528382834  
-1.719108012  
1.156488644  
-0.298502228  
0.1718183933  
0.315805228  
-0.9819829408  
0.9775517891  
1.112902694  
0.440306977  
-1.912478691  
0.02852283259  
-0.112905811  
0.3666005056  
1.541556622  
-1.344962339  
1.076346008  
0.2950452234  
-0.0184069233  
-0.7311367593  
0.9709175637  
-1.55798653  
-1.039683985  
0.1628776844  
1.949600922  
0.06023940027  
-0.4186036287  
-0.9890326388  
1.613421748  
-0.5327398868  
0.6155660887  
-1.530188425  
0.6522137244  
-0.9246532223  
-0.7843903127  
-0.3389838664  
-0.04554011949  
-2.153200509  
1.225322164  
-0.3102010452  
0.3703429195  
-0.3586601794  
0.8555771929  
-0.1157272333  
0.2208596042  
-0.2051167311  
0.880286262  
0.3395776087  
0.4746372817  
-0.2639765292  
