0.03935360783  
1.111007755  
-1.200707738  
-0.3988104919  
-0.5263465086  
-0.6171489445  
0.3742450024  
0.1992502085  
0.2050486517  
-0.3179750311  
-0.0674950996  
-0.9984252274  
1.606046385  
0.5429261551  
-0.1477506497  
-0.4460228328  
-0.4893716614  
2.0957465  
0.810426064  
-0.8083146882  
-0.3906957352  
0.6649203858  
-0.3916231669  
-0.5662631656  
-0.8403493734  
-1.006612091  
0.2058278028  
-0.8818295179  
-0.2554900288  
-0.4197465314  
1.761694841  
-1.050470186  
0.2177910455  
-0.1044504025  
-0.7325055749  
0.4182955022  
3.640520208  
-0.8530044593  
0.9325503113  
-0.3269134926  
-0.5670048171  
-0.3654147235  
-0.4516928682  
-0.4179174251  
0.3792617191  
-0.1864116787  
1.133131853  
2.633448757  
-1.26114152  
-1.150275788  
-0.4245983353  
-0.8256402849  
0.7404932895  
0.4159159199  
2.054250357  
-0.4035418845  
-0.2569013099  
1.878882684  
-0.4148919252  
-0.8064914349  
-0.8550770764  
-0.8478834156  
-0.5440203129  
-0.6195540425  
1.144364651  
-1.010379235  
1.650759303  
-1.092014245  
0.6790659802  
-0.9775134721  
-0.8206497913  
0.6021132438  
