1.493701686  
-0.9541765935  
1.060382916  
-0.4875034229  
-0.3355183303  
-1.381275196  
-0.1559801288  
-0.1097713833  
0.1351394512  
-0.9178861465  
0.1671867533  
0.3185965717  
0.1661460629  
-2.492438401  
0.3579014302  
-0.8909458358  
0.2596201602  
1.565351525  
0.05842131832  
1.14402702  
1.210486158  
0.8566046158  
-0.2611737435  
0.439968772  
-0.09691584942  
-0.3855879217  
0.06512334999  
-0.2226874015  
-2.142168188  
0.9217584294  
2.951037323  
0.03338645433  
-0.8608369766  
2.161282289  
-0.0561920028  
-0.8340447488  
0.9465735867  
-0.4013061056  
0.3613421682  
-1.15997543  
-0.4340478943  
-1.495358224  
-1.639131463  
0.2889351449  
-0.8515956899  
-0.4296148594  
-0.7918186502  
1.287262714  
0.1065958369  
-0.1724429901  
0.7498297759  
0.4739785222  
-0.4481880326  
0.6379985682  
0.312133882  
1.526607139  
-0.3985426449  
0.05245614892  
-0.2052748952  
-1.697680468  
0.05756456253  
0.09952615722  
-1.974216883  
1.038888241  
-0.17658615  
0.2293511034  
1.392663787  
-0.8073549793  
-0.2198572835  
-1.148935788  
0.6094789961  
1.499722081  
