0.05861966426  
0.03918087573  
-0.8712214352  
0.2789528834  
0.9745127868  
-0.6806546606  
0.8549161785  
0.8109668738  
0.6093542118  
-0.6501505654  
0.9769352067  
-1.09701904  
-1.486481709  
0.5159915488  
1.089182687  
-1.056347087  
-1.029537189  
2.377746361  
0.7580948821  
-0.9427504683  
0.02448579774  
0.02984718348  
-1.068142111  
-1.275097711  
-1.578459203  
-1.045895618  
1.283119996  
-0.7595717515  
-0.9284678574  
0.578372787  
1.696037877  
-0.981935569  
0.5464231976  
0.7222674315  
-0.1946698976  
0.9682182467  
1.163732731  
-0.8677911781  
0.9005556838  
-0.6733691552  
-0.7692514349  
-0.0903464267  
0.7168587104  
-1.271584851  
0.7665871417  
1.560851583  
-1.010463893  
1.257749157  
-0.7550625278  
-1.346579095  
-0.9273460989  
-0.8439527377  
0.5845808678  
1.519908307  
1.261401386  
-0.03434413377  
1.272521397  
1.802508088  
1.532164001  
-0.8856558154  
-1.002555631  
-1.378705819  
-0.4391163901  
-0.6260384503  
-0.1906904101  
-1.125010964  
0.5543826744  
-0.854592515  
1.212867669  
-0.773107245  
0.4131513008  
-0.2010807328  
