-0.6487105988  
0.4027067532  
-0.102524462  
1.177593386  
0.2341120195  
0.3995281864  
-0.8799991614  
-0.6943170856  
-0.5445358365  
0.6767231014  
-0.81078752  
0.4539995856  
1.58268207  
0.0587710628  
-0.4296559798  
0.694810327  
-3.548260864  
-1.072341931  
1.307247692  
0.05034600254  
-0.8530028749  
-0.7498573182  
1.255531622  
0.01627753802  
0.3130782453  
0.4330880585  
-0.08068722955  
1.236139673  
1.378659028  
-1.000120324  
-0.5557518864  
-0.007559123431  
-0.2712862394  
-0.9311264154  
-0.1801298782  
1.37606292  
-0.2294977822  
0.7914667896  
-0.5856319477  
-0.1885197506  
0.5304440089  
1.187692991  
1.279817989  
0.09715563484  
-0.6994180377  
-0.342211479  
0.1998582966  
-0.5883808818  
0.3821876189  
0.2782165829  
-0.4464574768  
-0.3913664753  
0.8841844183  
-1.826381917  
-0.3920220941  
-0.6527661455  
-0.5148066267  
-1.419583024  
0.3853171278  
1.358421278  
0.5498773493  
0.4012527651  
1.591903065  
0.03619741047  
0.07822275518  
0.4795227707  
-0.84231079  
0.7706430886  
0.3869949798  
1.66941016  
-0.1502833397  
-3.755851855  
