1.141644082  
0.6008813663  
-1.040918081  
-0.4848236928  
-1.0889097  
0.2111036878  
-0.4386049092  
1.282792225  
0.7563917556  
-0.4716298862  
0.256103518  
0.4238375879  
-0.9396530957  
-1.393384598  
0.6980844894  
1.129700532  
-0.6416591758  
0.1887074666  
-1.532739959  
-0.2919210976  
0.323465179  
1.016967787  
0.5202751573  
0.5967631001  
-1.292279519  
-0.365530397  
-1.654557578  
0.2921466924  
0.6821565579  
-0.9122438542  
1.668701024  
-0.5666154643  
0.3080574077  
-0.4532708267  
1.055640051  
0.5023201547  
2.462374001  
-0.856451974  
0.5977233332  
-1.389007307  
0.1999887711  
-0.6725140956  
0.2619554094  
1.385211877  
-1.635380873  
-1.982966682  
0.7088348179  
1.695547585  
0.6721315074  
0.3304550409  
-1.106180142  
0.4942646361  
-0.5870598028  
-1.114960072  
0.08871042701  
0.1212452571  
-0.1848100277  
1.528097892  
-0.2528061752  
-0.1320984859  
0.07277850193  
1.399507451  
-1.963392316  
-1.24719835  
0.383995874  
-0.07992270115  
1.194894306  
-1.547987423  
0.4965806912  
-1.126692909  
-0.1583575543  
1.856491523  
