0.002864356511  
-0.2843306142  
-0.2213554638  
2.323067632  
0.9488692778  
-0.3604049276  
-0.3915037805  
-0.4416109962  
-0.2491223312  
0.2924663093  
-1.11262214  
0.1593686031  
0.8898879563  
-0.8971493433  
0.8239799847  
0.003133604779  
-0.2653018502  
0.3724517259  
-0.2000679236  
0.5129281359  
-1.243947559  
1.458316111  
-0.1013950842  
0.03324338775  
0.1533692833  
-0.4111887915  
-0.8071613382  
1.463945931  
0.5675669067  
-1.651773015  
-3.035741304  
-0.614862043  
-0.08713128975  
0.3583735126  
-0.2649700464  
-1.553487369  
1.365669387  
0.1668361666  
0.5006420761  
-1.14232138  
1.455671603  
-0.9455990073  
0.6986971489  
-0.211538852  
0.4253894008  
-0.2777816365  
2.165306681  
0.7474907422  
0.6267025162  
0.4956604122  
-1.036966297  
0.04909709182  
-0.8187537223  
-1.004984475  
-0.9389510242  
-0.2557110848  
-0.6677444312  
0.586323847  
1.231347521  
0.2193942888  
0.7952877045  
-0.3700634815  
-0.006104826121  
-0.9541873907  
-1.260066551  
2.147509856  
-0.9611705906  
0.05955043623  
1.291998095  
0.3973634325  
1.61009562  
-2.352794784  
