-0.7330491839  
0.04861939104  
0.1236855101  
1.333537496  
1.183484878  
0.8685758887  
-0.0273662031  
-0.1875525372  
-1.957645688  
0.882657597  
-1.79835881  
-0.02012937892  
1.01499773  
0.7380037464  
-2.475178236  
1.21565427  
-0.2223932866  
-0.8825982575  
0.5982470053  
0.9212170942  
-0.3555180095  
0.7150036085  
0.3097703932  
-0.3325873822  
-0.4883972687  
0.7750611886  
-1.176404942  
0.4346443452  
0.2997128629  
-0.5142241584  
-1.462896295  
-0.6140864827  
0.5698895003  
-0.6570255184  
-1.211655765  
0.6838733444  
0.6168932639  
0.8515540979  
-1.118352345  
0.7007854969  
-0.2948590033  
1.245937048  
-0.1720709249  
-0.6144195503  
0.540212502  
0.0560205781  
2.685200161  
-0.8607230149  
0.06794262822  
0.9659386277  
-0.7249370053  
-0.1695020677  
2.105866767  
-1.284816747  
-1.505187369  
-0.636808395  
0.07255825334  
-1.471436362  
0.3495842802  
1.372237893  
-1.738348403  
0.3732040918  
-0.1644163213  
-1.254850734  
1.027941393  
0.6959025374  
-0.3373539148  
0.672670062  
1.157934445  
0.7937427851  
-0.1292190737  
-1.474394126  
