0.2685085795  
-0.002112268016  
0.09180365227  
-1.132049018  
-1.061424351  
0.3095207251  
-0.3918960206  
-0.5232791376  
0.9974522016  
-0.728255054  
-0.2553148537  
-0.2998767716  
0.1369963449  
-0.149052295  
-0.3855337386  
-0.8029665422  
0.3212924012  
2.152375448  
0.1051690125  
0.2465506339  
0.232827948  
1.191905447  
0.2818891213  
0.5928777558  
-0.4566817321  
-0.6357792148  
-0.6608756362  
-0.879546705  
-0.4683610268  
-0.05752783997  
0.8878456287  
-0.3454661999  
-1.058710802  
0.3146518255  
0.1159451856  
0.06440325329  
4.238112605  
-0.4732714307  
1.303305094  
-0.8222204755  
-0.07241744809  
-1.27830667  
-1.317228075  
0.6794757604  
-0.6809971665  
-0.7613699779  
0.8420554355  
2.986224292  
-0.2875547355  
-0.8400847321  
0.07517322207  
-0.2768832937  
1.356474541  
-0.1570805955  
0.8010717926  
0.3291534035  
-0.8266828484  
1.513418819  
-1.085653277  
-1.478710357  
-0.3456399432  
-0.4303730098  
-1.425101835  
-0.13883902  
1.448657386  
-0.8553402554  
1.236520427  
-0.8516797606  
0.7213935374  
-1.011215393  
-0.65187388  
0.5201819093  
