-1.095897187  
-0.3707483547  
-0.1313266075  
-0.4854479701  
0.01994990803  
0.7550211203  
-0.4691288395  
-0.9447511648  
-0.6627390615  
0.3108166006  
0.9164797371  
-0.2383316739  
0.7207765682  
2.083337834  
-0.8357930588  
-0.2677724362  
0.7971057929  
-1.676310172  
-0.6770956545  
0.4454717353  
-0.2195560077  
0.05253610983  
2.270029773  
0.5612616699  
0.6273722273  
-0.1101875701  
1.881450623  
-0.4281704158  
0.8740160105  
0.01246270721  
-0.6325331373  
0.3934880346  
-0.9409047809  
-0.4739150785  
-0.7913451838  
0.242990046  
0.2830178138  
2.512308669  
-1.227362768  
-0.4691152772  
-1.325804868  
-0.7271596363  
-0.3745677926  
1.489330119  
-0.9279389327  
-0.880039459  
1.99007758  
-1.740187779  
0.510098269  
-0.1273481561  
-0.3483846129  
-0.7960591675  
-0.4120933786  
0.7925464137  
-1.784759518  
0.4860592997  
-1.050836917  
0.9922444608  
-0.9895435523  
-0.3037127039  
-1.19103313  
-0.7511895698  
1.402098493  
1.987556035  
0.3102933403  
-0.7754882211  
0.54494802  
0.2804577846  
1.761004817  
-0.7585789931  
-0.7668317655  
0.8733829405  
