0.2042053015  
0.2579299563  
-0.6014773426  
-0.1117703945  
1.22435115  
1.610201988  
0.3311256096  
-0.5855011572  
1.467059686  
-1.383062095  
1.554255856  
-0.7792904548  
-2.196044127  
-0.6731798356  
-0.2517738916  
-0.6689952743  
0.2961122996  
-0.6688388174  
-2.03943209  
1.077350348  
2.31025221  
0.6151194384  
-2.064235438  
0.1814455393  
0.5072909092  
0.1246070524  
1.138420533  
0.4104980453  
-1.937545705  
-0.3908933748  
0.9655969782  
1.125442207  
0.2328809979  
2.030084622  
-0.195863674  
-1.396432133  
-1.879381892  
-0.2492476738  
0.1231697288  
0.2752643789  
1.026969764  
-0.1573244212  
-0.4703251253  
-1.449145437  
0.5835753043  
-1.085921991  
-0.06432644019  
-0.3779446071  
-0.4821782206  
-0.2122845525  
0.7208608098  
0.06821827832  
-1.761773165  
1.016440314  
0.3949975592  
1.298689386  
-0.2602862663  
0.5819983185  
0.5816658596  
-0.1988118892  
0.08990125339  
0.06965285068  
0.667897224  
1.171676555  
-1.433403326  
0.853687513  
-0.09586643376  
-0.6727058505  
0.0744980262  
-0.5661282079  
0.9151563484  
-0.8171588949  
