-0.9952170057  
-0.3441519543  
-0.9525948628  
1.63339277  
1.06012849  
1.538050574  
-0.5290091582  
-0.7762986733  
-0.1843332253  
-1.190373363  
2.671180665  
-0.6647697043  
0.3397060939  
-2.039250792  
1.521398857  
-1.194959949  
0.9217447154  
-0.6678334645  
0.5218594216  
0.1947908808  
0.8509138702  
-0.1038855711  
0.80389359  
1.149588545  
0.2050219234  
0.5855340931  
0.7726368579  
-0.3833453043  
-0.370307734  
-0.5304637918  
-0.4798215088  
-0.1842529755  
-0.6711473142  
-0.5111595317  
-1.012455328  
0.426416922  
-0.5746933291  
-0.2513011677  
-1.28751759  
-1.114889452  
0.08076147062  
-0.1395977258  
0.2292369581  
0.7485025603  
-1.316554774  
0.802856832  
0.8614668463  
-0.9906068478  
-0.1212371503  
0.2524517281  
0.1639481944  
0.3997714586  
-0.09887924442  
-1.365453633  
-0.09806857115  
-0.9834031774  
0.2698442442  
-1.555885892  
1.609716456  
-0.6298669986  
0.9374881015  
-0.4917204449  
0.009500583967  
0.2180912747  
-0.8036020712  
2.603698526  
-0.4919741105  
-1.268110127  
-0.7781542067  
0.2156794023  
2.965445038  
0.5824297819  
