1.487829616  
-0.4943862222  
0.8678614065  
-0.2418449053  
1.498267016  
-1.970164526  
-1.476431077  
0.131894968  
-0.31391436  
-1.607215861  
-0.8627246815  
-1.404233888  
1.27931709  
-0.8899210873  
1.075057712  
0.2430298951  
1.580999278  
0.1340212507  
0.7568564953  
-0.2258011296  
-2.351281144  
2.121604213  
-0.5478177671  
-0.7666226037  
-0.3107241453  
1.08803345  
0.5356587353  
1.181541931  
-0.8385494623  
-0.1936535964  
0.7331104458  
-1.672660953  
0.8582342347  
0.2544585516  
-2.274285229  
-0.6089939394  
0.07917301416  
0.2443891058  
1.271063654  
-0.2753376545  
0.371432874  
1.299960341  
1.263521023  
1.069490937  
-0.2810604756  
-0.9253961717  
1.269964671  
-0.01627257469  
-0.2528859394  
-0.06805137106  
-0.6435898467  
0.5623420112  
0.5447345722  
0.5523655918  
0.2389524656  
0.3884447911  
1.019812879  
-1.523379584  
0.6504872699  
-0.1804048536  
-0.968544378  
-0.6764868855  
0.2375585998  
0.4294282763  
-0.06753342778  
-1.323092755  
-0.8755519404  
0.4870252677  
-0.1841585412  
-1.716993655  
0.1113564456  
1.110686553  
