0.6456739496  
-0.6946185535  
0.3296595727  
1.268227612  
1.189882257  
0.01278458488  
-0.06257469368  
0.4245040587  
-1.000715152  
0.02267249409  
0.2392261736  
0.2894308038  
-1.158602163  
-0.3871744373  
1.120895979  
0.4963396113  
0.4815500709  
-1.46891884  
-0.9068623277  
-0.07371463026  
0.1636262605  
-1.899133663  
-0.7605683758  
-0.7420690879  
0.8074523178  
0.7812008311  
0.5982384988  
1.238529187  
-0.4870352445  
0.410495163  
-1.280589347  
0.3804170994  
0.7751902239  
-0.03814850657  
0.3719797999  
-0.4752447987  
-1.01895085  
-0.1232375798  
-1.779788576  
0.5291412435  
1.193865779  
0.7131882512  
1.100069335  
-1.36686959  
-0.1553327998  
0.6912765534  
-2.009039723  
-1.11833725  
0.1449142932  
0.88830166  
0.9098849069  
1.01949201  
-1.695435838  
0.141207564  
-1.537062421  
0.2441830116  
0.8434215684  
-1.880246973  
1.396715765  
0.8124539291  
1.082512135  
0.8378706346  
0.6842749454  
0.8609678191  
-1.933648295  
1.562857002  
-1.638317463  
0.09077053789  
-1.619259638  
0.8027143702  
1.523410156  
-0.8099732007  
