-0.9528257477  
1.54133822  
-0.7867510658  
0.3986300587  
0.7487996345  
-0.5151096383  
-0.06391028672  
-1.190096661  
-0.04354619213  
0.3212284204  
-1.256783051  
-0.3677777498  
1.466484272  
0.416913433  
-0.8812551293  
-0.3358812234  
0.7561827898  
-1.264702282  
-1.086893491  
1.635351009  
0.1797526049  
-0.9359721442  
2.183138804  
0.3551730412  
-0.2444568683  
0.9763788601  
-1.502244364  
0.4302706566  
-0.3755401428  
-0.2800773657  
-0.8476622465  
0.7504364446  
-0.2530569175  
1.106380689  
-0.4698726182  
0.9598546451  
0.2172267451  
1.756710288  
-0.9379073638  
0.8669314054  
-0.1935104112  
-0.8648658171  
0.9696735001  
1.317029916  
1.040142924  
-0.3987520687  
-0.285518251  
-0.9611296211  
1.03123668  
-0.5320229551  
-0.4119033554  
-1.4376205  
-0.975464715  
-1.012761773  
-0.403409388  
-0.04963680642  
-1.267283357  
-2.284851371  
1.074854262  
0.6050649891  
-0.950210979  
0.4994431486  
1.755144555  
-1.431926853  
1.142727946  
-0.2200056952  
-0.7766001815  
-0.1917537258  
0.5330580145  
-0.7646151918  
0.4032196608  
2.567387946  
