-0.1538908976  
0.05132861376  
2.06295145  
0.7437256695  
-1.466477042  
1.097915129  
-0.3593832885  
-0.175130284  
-0.1338614853  
-1.342670357  
-0.2921785323  
0.4744750823  
-0.03203891244  
-2.146509597  
-0.3025391456  
-1.150415603  
-0.04639270248  
0.270972394  
0.3356181482  
0.3095284236  
-1.72845929  
-0.5348821335  
0.9962614165  
1.443023096  
1.098751441  
0.1065706048  
0.002949170378  
1.457297699  
-0.8249523312  
-0.1039084436  
0.5510337541  
-0.3489874302  
0.7775106346  
-2.632223407  
0.2007695615  
0.997112144  
2.427919948  
-0.808439625  
-1.712875  
-0.1613555645  
2.353316033  
-1.00713833  
-0.6139782097  
0.7407190452  
-0.2365937213  
-0.05091383081  
0.2918151203  
0.3096369473  
1.230980895  
0.9414399245  
-0.6393834893  
-0.007295826611  
-1.223802917  
0.1553735393  
-0.2537769835  
0.3017796816  
-0.8257036521  
0.7426381053  
1.113025431  
-0.5874907235  
0.08384472982  
0.1498609994  
0.1445769928  
-2.437849338  
0.1620318695  
0.5650121922  
0.3908417079  
0.0004279294823  
0.6990815653  
-0.4482989292  
-1.642919376  
0.6505993094  
