0.2481295026  
0.5679073843  
0.09349305433  
-0.2299545595  
-0.4522785798  
0.4654045925  
1.669264034  
-0.1899950185  
-0.08292725918  
-0.2098869675  
-0.121751437  
-0.130439463  
-1.798536397  
-1.234746777  
0.563690061  
0.04334094535  
0.7275604948  
-1.646805674  
-0.946540634  
1.228868059  
0.9238012737  
-0.01416401021  
-0.8152412686  
0.8059921728  
0.6085101511  
0.6030787667  
0.2762866442  
-1.875734897  
-0.4767687346  
0.7016523138  
1.04390289  
-0.7129022149  
-0.2405118998  
0.6627974312  
-0.2849900667  
-2.076704357  
2.765148797  
-0.9320685522  
0.6354554859  
-0.1578109572  
-0.8669453841  
1.188915471  
-0.967161631  
2.348463121  
1.117483312  
-0.5172718622  
-0.8447805133  
0.03742392721  
-0.6287512266  
-0.446442679  
0.2532386466  
0.09108076524  
0.1256622753  
-0.5325580062  
-0.3199905134  
0.5269904276  
-0.6236776288  
-0.2449912518  
-0.2970597953  
-1.790696843  
1.306109241  
-0.02403714247  
2.188452054  
0.4881489144  
-2.072326079  
-0.4294620049  
-0.2456248575  
-1.534571411  
0.4333610368  
1.386011894  
-0.4978279639  
1.389311376  
