-1.526634348  
0.5501322746  
-0.0004178996069  
1.493709442  
0.3285809142  
-0.5772064183  
-1.578808804  
0.0578378471  
-0.2749218224  
-0.5099920359  
-0.1247684531  
1.694913779  
-0.04936329294  
-0.3240456031  
-0.7295835374  
1.289143323  
1.46321376  
-0.9485424032  
0.5077607196  
0.2968454846  
-0.1315625235  
-0.4866859035  
-1.261734811  
0.6562663335  
0.5064479048  
0.4605441501  
-0.1345286143  
1.46253731  
1.65138411  
-1.092231728  
-0.4394014642  
1.247009062  
-1.097780035  
-0.1649595486  
-0.1756235275  
-1.424328532  
0.6879641868  
-0.5616939364  
-2.294646328  
0.1767343066  
-0.7959923034  
-0.4619828404  
0.9443287589  
1.655332061  
-0.2063793829  
0.08415451501  
-0.428412642  
-1.461921437  
1.583378049  
0.4104531565  
0.02883298915  
-1.399255106  
1.030582126  
0.283302647  
0.7177365866  
1.542570658  
-0.9994590104  
-1.685233327  
0.4908640234  
0.1367682243  
-0.7133643895  
0.8559466308  
-2.230860968  
0.3894205387  
-0.006537841841  
0.5102396959  
-1.362502416  
1.322228895  
0.1792643179  
0.8463764126  
-1.306079939  
1.42463798  
