-0.9141374613  
0.1714950048  
-0.09554472021  
-0.1197127948  
-0.7254611582  
0.8710557433  
-0.6336919031  
-0.6248650459  
-0.3173956191  
0.2656112407  
-0.7892740936  
0.02195963276  
1.34944695  
1.066460028  
-1.380505175  
0.254423981  
-0.6752366747  
1.953839077  
2.086941988  
-0.001722448015  
-0.5462572585  
0.9167469378  
0.2649473926  
-0.2040845119  
-0.3081239374  
-0.172393264  
-1.789792929  
-0.127106299  
0.9535505977  
-1.099096107  
-1.041491424  
0.1475420416  
-0.5100614452  
-1.009558519  
-0.09848439814  
0.1865423445  
2.416406738  
0.5131462322  
0.8098119068  
0.00284957854  
-0.1627563849  
-0.191202565  
-0.6090836661  
1.016890565  
-0.4459681192  
-1.700196688  
1.926400773  
1.588910192  
0.03868653377  
-0.2430837741  
-1.081054362  
-0.6230721736  
2.509910859  
-0.9166455714  
0.2323530563  
-0.7961518372  
-1.305863436  
0.9821535145  
-1.427231901  
0.1615049692  
-0.816693383  
-0.2497331892  
-0.2819072761  
-1.538830047  
1.681224794  
-0.2187625161  
0.7577949741  
0.1428244788  
2.010837097  
-0.661841832  
-1.237390731  
0.3891974184  
