-0.2657757563  
-0.4780806116  
0.469432735  
-0.1466975192  
-0.8270379168  
0.887145885  
-0.5917097145  
-0.811345835  
-0.1416639601  
-0.2904201109  
-0.3558459803  
0.08923545211  
0.6812958991  
-0.702286981  
-0.7815084412  
-0.368438668  
0.4041500764  
1.078125021  
-0.7915095798  
1.225190702  
0.2701858883  
2.262660187  
0.4672950805  
1.40324844  
0.08694975317  
-0.5836658205  
-1.053474079  
-0.5164561796  
-0.4595651832  
-0.5390249211  
0.438944051  
-0.137355548  
-1.200889328  
0.1230294331  
-0.5339004101  
-0.204782995  
2.827969573  
0.1379407791  
1.702712711  
-0.3712160732  
-0.5904778222  
-0.9744044336  
-0.7498871979  
1.174877826  
-1.107577861  
-1.190910616  
0.9210629276  
2.591737121  
0.4388963849  
-0.6356838506  
0.03106740946  
-0.1594884614  
0.7007111449  
-0.989009372  
-0.2220275151  
1.101650262  
-1.39126134  
0.6935897773  
-1.450057586  
-1.250031194  
-0.5730981859  
-0.2464881318  
-0.9078927411  
0.155168591  
1.319603897  
-0.6387481442  
2.172406569  
-0.7589082386  
-0.2929830997  
-0.5535115788  
-1.445232071  
2.424047477  
