-0.7791237919  
0.0419088624  
0.1533366133  
0.7442058236  
1.435356803  
0.4398299875  
0.5548208628  
0.2291382466  
0.5999517687  
0.4433026969  
0.735996866  
-1.285472544  
1.631261825  
0.4503302322  
-1.308076923  
-0.2159713306  
-1.808722851  
-0.6379473391  
-1.214446293  
-0.4455968897  
-0.9630708922  
0.3948206122  
0.3274801572  
-0.405490474  
-2.108930307  
-1.651072842  
-0.3549587126  
-1.009523938  
0.9325716833  
1.229932811  
1.123392212  
-0.5000761427  
1.084456457  
0.1944948817  
-0.9328639972  
-0.6500772908  
1.218806886  
0.6088832452  
0.7116496882  
1.411521389  
-1.039770247  
0.4387885235  
0.6767736144  
0.9764270218  
1.573944196  
-0.9808264725  
0.8917785778  
0.8105982842  
0.008901098887  
-1.125008182  
-2.113785483  
-1.275757346  
-0.8878840805  
1.341968274  
0.5161872131  
0.08306061659  
0.04101984723  
1.053383296  
0.5739875508  
0.8736005311  
-2.294736581  
-1.194126921  
0.2072735311  
-1.22905641  
0.3033701159  
-0.01672163336  
0.5002743671  
1.84736417  
-0.439513289  
-1.214468721  
0.6072830382  
0.05964344545  
