6.529439442  6.043425617  65.53466727  -4.055101214  
5.570158069  5.155547619  10.513777  -16.53343806  
5.382498328  4.981856186  24.41522283  -8.168976947  
4.993069175  4.621413894  25.90425333  -6.597270775  
4.733317463  4.380996603  28.77340567  -2.750834045  
4.550075241  4.211393875  8.943962206  -19.67989146  
4.530609448  4.193377003  19.1211149  -4.825247874  
3.6613075  3.38878088  5.765406987  -4.261490447  
3.495263135  3.2350959  4.939199289  -2.940985908  
3.402016604  3.148790103  7.24019504  -13.71967131  
3.235943828  2.995078827  15.79763773  -16.31605264  
2.99442339  2.771535778  5.30625204  -11.10267015  
2.815365414  2.605805845  8.54104543  -1.378042021  
2.801929738  2.593370243  6.621142159  -18.54136405  
2.725058678  2.522221022  32.16953803  -17.84398687  
2.456839277  2.273966327  1.793663886  -2.979871705  
2.312455883  2.14033  21.19697392  -7.229724357  
2.294048169  2.12329245  3.375034013  -5.300105851  
2.246235272  2.07903847  5.110360846  -4.682049309  
2.241023575  2.074214701  8.188267031  -1.803207062  
2.067969549  1.914041819  3.390900908  -1.459650909  
2.064334065  1.91067694  13.85585229  -1.442599248  
2.059275708  1.905995097  6.693032132  -2.685196542  
1.999195237  1.850386671  2.917466206  -5.919448466  
1.896594167  1.755422633  3.31916557  -2.180185028  
1.893311677  1.752384472  7.00402928  -1.677382194  
1.873775007  1.734301999  2.62853065  -1.376724348  
1.795948675  1.66226861  0.8723835878  -2.188764059  
1.774879385  1.642767597  4.036498158  -1.726333603  
1.749501507  1.619278702  2.495744783  -2.240717364  
1.642020847  1.519798283  1.850919695  -4.143074977  
1.615023729  1.494810675  1.326614189  -1.459660292  
1.563124453  1.446774481  1.387585  -1.545380595  
1.534535134  1.420313186  1.285117476  -2.672807226  
1.499433232  1.387824068  1.792346144  -1.199995419  
