-0.4816324337  1.039733672  0.9736042177  -0.7377848998  -0.6926690836  0.632804114  -0.6739231271  0.7481558086  -0.6284084852  0.5969469687  -0.485608994  1.853357247  -0.0710193512  1.070199649  -0.4477630925  -0.9148335999  -1.581992816  1.097432823  1.931001921  -0.01693132774  -0.4188596459  -0.7416112688  1.391400339  0.2823969154  0.7546474029  -0.5695569264  -0.4630285683  0.2902154516  0.4971053297  2.313417566  1.318374831  -2.48262928  -0.7904971366  -0.7190331632  -1.000448454  
1.480049528  -0.8865146531  -0.03817332775  0.2534017966  -0.009043737168  -0.04865511261  -0.3934601573  -0.7582230691  -0.06055626137  -1.22919913  0.7566257386  -0.9659873651  -0.3473435588  -0.7177859366  0.6609564365  1.412558642  -0.4006568384  -1.020539987  0.1810483165  -1.795556638  -0.9111199972  -0.6628845294  -0.6365253629  0.2630917806  0.8277029781  0.502272933  -0.8085850828  -1.814048026  0.7221535498  -1.654256668  0.9440916042  1.582416534  -0.8854245593  0.03853526576  0.172468107  
-0.82658668  0.851034852  -0.4548246648  -0.320251341  -0.324829865  -0.454681047  0.2820222623  0.6117771439  -0.2531275713  1.325875283  -0.285659778  1.070661671  0.6208375498  0.8198468936  -0.7228850166  0.01319831197  -0.2102409991  1.718222519  -1.364679216  -0.4460964075  0.1955843637  0.2521616467  2.207007973  -0.5647557511  1.037377437  -1.968367337  -0.04715955923  -0.01899118239  1.172834998  -0.1263915911  -1.826200187  -0.8004519379  -1.801741924  -0.958146953  0.8360139821  
-0.6153834362  0.4636907586  -1.327736547  0.7316794468  -0.6660640369  -0.2099835712  1.132173511  0.396307558  -0.2970537231  0.6137249963  -0.1267445854  -0.3248008989  -0.02030912445  0.8595343507  0.7072199896  -0.6166711515  1.091854626  -0.05652688755  0.7286175318  1.600346735  2.836505425  -0.5337898123  -0.5896630547  -1.352474024  -1.226975791  -0.6938621237  -0.06997920169  0.6406477666  -1.053709286  1.298315243  0.4605478021  0.7322614056  0.4748823829  0.6736256194  0.5352162815  
0.6789371059  0.009615410363  0.01448930534  -0.3525525992  -0.2281510435  -0.08899838895  -0.7556440353  0.08472344157  0.5019788715  -0.2391449549  0.06586510918  -0.09093488678  -0.3671527936  -1.362754646  0.8695842452  -0.5149084924  -0.6458076758  -1.167501842  -0.4083511995  0.8735572682  0.08233763108  0.1450457437  -1.818204054  0.1581147002  0.4967388552  0.7281863864  -0.794242184  1.604239405  0.03949124104  -0.5658308423  0.9813284039  -0.7630186541  -1.456958404  -0.1760255895  0.372215219  
0.3802489732  0.1404007442  0.2363085938  -0.6904795996  -0.1944937571  -0.5197422011  -0.880114094  0.4959676498  0.09969208892  -0.2547075729  0.02524747619  0.04532381988  0.1966831954  -1.36477968  0.01124662899  -0.6890986986  -0.9662459175  -0.2280260177  1.55194427  0.3825738343  -0.7082960747  -0.6655934248  0.2732003958  -0.05651331767  -1.745639366  1.09984165  -0.6304697825  -0.1635606721  0.4294790345  -0.3189051178  -1.159419673  -1.034332542  -0.9780136192  1.273714411  -0.704790563  
0.3789010128  0.05594874524  1.382531917  -0.7687366968  0.3742492091  1.248102325  0.4838177853  -0.837271615  -0.02608615084  0.7891581965  -0.1214870481  -0.3540429609  -1.720727152  1.31518897  0.1133715322  -0.02967254336  -0.7730091146  -0.3959532145  0.4502642799  -1.862322113  -0.1993211496  -1.688263037  -1.012027588  0.7089875545  0.6707095401  0.5187965256  -0.8815844455  -1.636165044  0.09238378002  -0.02325269259  -1.624273137  1.403380374  0.3613293459  -0.3832496291  -0.6991883143  
-0.3514730256  -0.6175836531  -1.110380195  0.4236034327  -0.1944418072  -0.9118460983  -0.636267089  0.2075180449  0.3603961137  -0.508494978  0.386016723  -0.9853166641  1.380789415  -1.758774114  1.4307991  -0.1393962184  0.7635447007  -0.6213719007  -0.670376526  0.07850311635  -0.7878686954  0.3302182467  -1.181396567  0.1551111344  -1.145966917  -0.2540921988  0.5098736305  0.7691066314  -0.4434907722  -0.1795216968  -0.4064406873  -0.5154047625  1.01494884  -0.2752010996  1.106935272  
0.3183513059  0.6810235677  0.7383001695  -1.399903436  1.788521387  -0.05914799317  -0.2392452469  -0.2241420431  -1.237185844  -0.1562343069  -0.4328518625  -0.07229263123  -1.705371493  -0.6140593926  -0.375947279  -0.6090548871  1.018243283  -0.1811262315  0.03107764248  0.2419760727  1.017738555  0.4733719539  -0.3341901958  -2.366404134  -1.336877963  1.176023096  0.6456403519  0.4737126151  -0.3044488693  -0.002650971568  1.70921926  -1.409635369  0.07334252856  -1.199971717  0.1462793502  
-1.392104272  0.08142072287  -0.7769022487  0.1727429581  -0.6153492468  -0.7368994335  -0.460304546  0.6605573573  -0.4363563189  0.5627712613  0.1054470581  0.9422952101  0.1553815361  0.470576077  -0.1212102224  0.5097102469  -0.2353503275  0.02749271985  0.4806684596  0.3526052087  0.08415774298  0.5415558511  0.1674417737  -0.8090511733  -0.3779541435  -1.587773162  1.554148432  1.647034578  -0.1088383508  -1.463721395  -0.08628321028  -0.07285892148  1.113068346  1.474283589  -0.340180598  
0.1823056165  -1.401414364  -0.5249325764  2.527284798  0.6190901646  0.4081404824  0.2896924942  -1.424177395  0.5859188777  -0.9263015578  1.306850927  -0.2116588186  1.859642558  -0.1014949657  -1.42697782  0.2566927653  1.064353847  0.4039150837  -1.140692589  -0.157048404  -0.755191696  -0.4903545089  0.2656522565  1.364429489  -0.550750792  1.166891453  1.63408023  -0.4784499681  0.02164045441  -0.5705901486  1.279635736  2.022283193  1.137104851  0.3703326281  -0.508219781  
1.917430473  -0.8158361197  -0.3936671906  0.2994279205  -0.3105392239  -0.3417197998  -0.1505365019  -0.5367467225  -0.02849991058  -1.22101614  0.3648071772  -0.7432292561  0.2512908548  -1.310956021  -0.1567910832  1.044834857  2.366738901  0.04031686699  -1.361270336  -1.279152907  -2.372292154  0.5913158511  0.8428969369  -1.268290111  -0.2456650503  0.2743463546  -0.7104995066  -2.172415613  -1.147907531  0.3098102159  -0.8750619236  -1.378399356  0.5564668447  0.5478532716  0.08320260505  
-0.7651933289  -0.1964617779  -0.9263950423  0.05510369625  -0.6569871397  -1.146285238  -0.4104265683  0.7636069727  -0.2790150436  -0.2162407766  0.5473958179  -0.6753445411  1.490778453  -1.243824511  0.6867688027  -0.5953577819  0.3103264051  -0.05323705426  1.498715913  0.03729875442  -1.290911731  0.6093268591  1.149963448  -0.444871978  -1.543015103  0.4193103496  -0.2925096296  0.3918155197  -0.7333116558  0.5104309048  -1.241604769  1.243607204  0.3531205379  0.5390065319  0.4087415217  
-0.9522004268  0.4637330553  -0.5103256928  -1.096209108  -0.1367982011  0.06883812788  0.4499689914  0.7944701566  -0.5933460808  -0.1883295816  -3.636499509  -0.7970823101  -0.05312218301  0.2554643754  -1.73476689  0.1790380177  0.2518760362  1.096410203  -0.4600363652  1.950747201  1.32529256  1.349093144  1.013220761  1.675115918  0.4995324123  -0.9987721084  -0.876565699  2.151546377  0.06769394852  0.8715383529  1.222611827  0.9117720206  1.560916963  -1.003161558  -2.79324883  
1.885533872  -2.111342421  2.141209174  1.343812572  2.298187197  0.9584698455  1.046171806  -0.4840985351  2.016859463  -0.113493985  -0.01511389599  -0.2912796523  -0.6944006385  0.9627381387  -0.1427942032  1.223745178  -2.098012234  -1.214719928  -0.1199469026  1.345377615  -0.4129491172  -1.577944796  -0.9445819128  2.280396405  -0.4490828593  0.3290695353  -1.632541096  -1.439558137  1.551246454  0.7398617178  -0.7049548274  -1.402880405  -0.4065716272  0.09767153672  0.5808324826  
2.340522572  -0.992511162  0.7389972446  1.324445071  1.208711016  -0.1924970288  -0.0365865156  -1.97387835  1.494751416  -2.625275225  0.928142779  0.02495022055  1.268537284  -0.4094403086  0.3591577847  0.3179743652  -0.6375134395  -1.02272185  -1.116477133  0.4793791847  -1.688318871  -0.1839060728  0.9770249849  0.1637775738  -0.1335395523  0.388940854  1.152164567  -1.528757579  0.6387086802  -0.9490097142  -0.6367953726  1.545903843  0.7492201986  -1.041638836  -1.969726457  
-1.180174813  0.9457775134  -0.4649609106  0.2357796355  -0.5165107523  -0.167041108  1.085711588  0.4698884708  -0.590335032  -0.08418229702  0.4943936114  1.037078073  -0.5823456821  0.1240269554  -0.02182458622  0.2444125657  0.5657078246  1.027884713  -0.3381998399  0.5768116192  0.5393108064  -0.372290347  1.361240797  1.103055399  1.744004691  -0.8862580329  -1.036338057  -0.6948396061  -1.208262559  -1.417241894  -0.8835858676  -0.1432941871  0.3342999099  0.1017948434  1.400757226  
-0.8488822338  1.779416905  0.353660237  -0.2443080003  -0.419663751  0.1270785124  -0.06548318666  0.313260527  -0.2016885667  0.6086408074  -0.8513158563  1.57658918  -0.9607395358  0.667911136  0.2396920308  -0.02701883232  -0.4393464743  -1.082628522  0.5053364887  1.181788446  1.493972803  1.400953969  -1.82691575  0.07853678752  1.460328011  -1.365847598  -1.534231972  -0.2918659286  -1.37990227  1.296327454  -0.4585210542  0.2253489575  -0.2660436718  -0.2139761604  -0.144792058  
-0.2574284621  -1.364005136  1.181209834  1.310392721  1.002349515  1.679377372  2.126361405  -1.35988969  1.653336648  1.144964025  0.7921300723  0.4374070736  -0.2005559135  -0.3269799811  0.09986381447  1.44393769  -0.05050348808  1.887549724  0.1579398336  0.7777915944  -0.01659659467  0.5983278512  -1.66625756  0.9966138258  0.1850515335  0.4754877332  -0.426812132  0.8805133869  0.6980410179  -0.3157614998  0.7692614206  0.8425349742  -0.07353242379  0.4820728977  -0.02225664322  
-0.6137845277  -0.3083501578  -0.8240610521  0.6326811452  -0.1884947448  0.5748764594  0.1694353129  -0.7775449058  1.140709819  0.3205102109  0.5971682309  -1.455550551  1.218018333  1.174461605  -0.628239422  0.9613387295  1.699259246  -1.129921254  -0.3888716961  -1.497967653  0.6569117011  0.4698419192  -0.4981099444  0.9310100949  -0.8285854002  1.464885015  1.828847385  0.0002699293807  -0.5150261251  -0.8973519983  0.8263625757  -1.241002611  0.7124730612  -0.6190151914  0.1752386129  
-1.02516977  0.1845919358  0.05327214903  0.04829317716  -0.2272373221  0.3172676518  1.450335015  -0.4675548137  0.429542688  0.4854727385  0.3163515801  -0.003462094746  -0.9800785307  1.103379498  -0.094059134  0.327741397  -0.05124887026  -0.6625179219  0.006178448452  -2.003120451  1.190138727  -1.180677358  0.2495350098  0.6409641792  0.3354765043  0.5737295955  0.8046824425  -0.4554069637  -0.4769241722  -1.221967147  0.3081938103  -0.08979286945  0.4090215789  0.1374209877  -0.8126110061  
-1.110763298  -0.3165384298  -1.191021429  -0.8321776994  -0.8288666842  -0.6994933586  -0.4166828491  0.9456704758  -0.6288861561  -0.9573037032  -0.4658732418  1.043231235  -0.4514685564  0.1778734215  1.181968847  -1.287800289  0.3954802572  0.1032419576  -0.8031812762  0.8017543128  1.663068693  2.287021357  1.047740277  0.270018808  -0.6058857571  -0.9534349147  0.4098745854  1.195805924  1.439201902  1.01483394  -0.1462809364  0.4499203844  1.108673178  1.055943598  0.4678494006  
-1.27585124  -0.3972112786  -0.9904375495  -0.6199789689  -1.091074105  -1.213515592  -1.159828522  1.056576813  -0.5488541898  -0.2519878921  -0.988400232  0.3273197501  0.6247040971  -0.04588793008  -1.205185711  -0.7142381022  0.5104061759  1.090696265  0.5362214221  1.502608049  1.292580656  1.281007291  0.7511576817  -1.945376672  1.799106093  0.2037831836  0.8040727096  0.7270110183  -1.529531688  0.07694048212  0.7068767366  1.008694538  1.497265592  0.06984795779  1.379489291  
0.222816935  0.6208558649  1.230268917  -2.073910554  -0.376905661  -0.7564366632  -1.049781643  0.1703917018  -0.3421375903  -0.4073287437  -1.363357681  0.08905968528  -1.083139535  -0.591567205  0.8976638145  -1.642910903  0.8388090783  -0.1501486985  -1.463151203  0.5695170611  0.4846319613  -0.4301186099  -1.34801118  0.4365614326  0.02723195749  1.212513936  1.62129062  1.48126497  0.0610457386  2.270075695  0.3161973317  0.8003426416  -2.462384979  1.505224245  -0.4026974021  
-0.1662917804  -0.7222656837  -1.196628364  1.216186486  -0.5993942207  -0.6233953667  -0.6013762082  -0.4730830818  -1.302847998  -0.5832106142  1.36735818  -1.830826389  1.360804598  -0.601734464  1.066047829  1.97115842  0.7194713582  -0.4971934874  0.2885719914  -0.6747894567  -0.8757415965  0.3804958573  -0.2253643058  -1.00436343  -0.128773874  0.826489598  1.11715972  0.1329912897  1.786130117  -1.310467599  -0.6225063657  1.929365076  -0.6526731347  -1.107039332  0.2234726126  
0.3236562923  1.287160608  0.5014731406  -1.375284952  -0.08059918682  0.3650045556  -0.5891166266  0.3081877554  -0.4291358949  1.035617027  -0.8084654482  1.092563311  0.4319326201  0.6628636853  -1.773481004  -1.547551631  0.08941789031  0.6594705651  -0.9890689279  -1.72694402  0.0436250789  -0.1182769875  -0.3711966687  -2.109731611  0.6221970406  -1.060734762  -1.40491487  -1.033808754  0.9200297574  -0.06903148514  -1.319212489  -0.8188615793  -0.8012614377  -0.4137301371  -1.21343373  
0.811209891  0.3317821324  1.986706999  -0.5606617518  1.456257551  2.72819372  0.4166628312  -1.582496216  1.00693441  0.01130607017  -1.655446588  -1.64542922  -1.645280404  0.2721796738  -0.102344102  -1.533514315  -1.643101021  -0.8149730415  0.5993781711  -0.5870468766  0.1959245205  -0.6514128449  -0.4134238385  0.6447813309  0.4204215449  -1.989602402  0.1947601413  -0.458532968  0.5936009366  -0.8643847976  -0.3781317541  -0.4272762189  -0.8300474354  2.029183973  2.787916957  
-1.073878104  0.8325208426  -0.4588921299  0.4775911263  -1.144504796  -1.070077299  -0.3948722214  0.5811887806  -1.24443762  0.8431070667  -0.1135256918  0.2644905437  -1.641602402  0.5684041392  -1.373430962  0.7110106113  -0.02308016668  -0.4376223562  -0.8691759809  -1.464597743  -0.5038613156  1.671569073  0.5900204388  -0.9460686133  -1.090935707  -1.122646343  0.638461799  1.190371075  -2.092488217  0.5806935873  0.8870398728  -0.5672436935  -0.06195103248  0.2098478446  0.327656087  
0.5995625951  0.008364833629  -0.2145703455  -0.6983635613  -0.6426150097  -0.9328616029  -1.365218164  0.4473823137  -0.2723134402  -0.8333054724  0.2759677594  -0.4071723645  1.138892526  -2.112768945  1.003797614  -1.25642282  -1.009496502  0.4513680638  0.6127517406  -0.4870604246  0.6833886009  -0.8568971516  1.157599851  -0.3275671257  -0.9487604509  1.307785223  -0.50990999  -0.2083137876  -1.320495202  0.5846843731  0.7226231358  -1.691358098  -2.626524262  -0.643623786  -1.240128863  
-0.6305914347  1.553879897  0.7082227063  -0.2338003727  -0.2417276531  0.9332328907  -0.4825466177  0.3786682174  -0.3721169837  -0.3043760089  0.3568987657  0.5650594708  -1.238127115  0.3882677161  0.3179788379  0.2508827987  -0.6245303699  0.9180279574  -0.7057765936  0.6037116485  -0.5540273657  -1.622452543  -0.6364097388  0.7016708478  1.874136709  -0.9763508175  -1.13710613  0.04596923639  -0.9032053412  0.4592009885  -1.712569025  -0.395232582  1.816992284  -0.9138243898  -0.63781009  
-0.8651980246  1.733366325  0.09030998236  -1.43067869  -0.5702007054  -0.4198455214  -0.4569805526  0.646815214  -1.142239906  2.048705072  -0.6477828979  1.94465217  -0.2116533806  1.404950838  -0.1969716092  -0.5591896335  -0.5441514471  -0.2107812439  1.939038224  0.1551869825  -0.679378378  -0.5332051928  0.3486310681  -0.01122802114  -0.4595552445  -2.275201943  -0.2649600065  -0.124212864  0.8791597324  0.1072433361  0.9820596657  -0.8680695082  1.92117931  1.380438073  -1.01139481  
1.956420202  -0.09072009406  -0.3901855163  -0.6631413139  1.039270411  -0.09767760343  -0.01565123292  -1.306095434  0.8188288365  -0.9024001531  0.2902847182  -1.376795685  0.760285334  -0.2100184056  0.3672888653  1.483168591  -0.06177459317  -1.708795828  -0.0293083633  -0.5695468568  -0.6493951108  0.07769058218  -0.5416992465  -0.1222853861  1.851963758  0.7273802841  3.039911086  -0.06741754497  0.4452765864  1.117976505  0.1038644466  0.04221765615  0.2953057898  0.2091190368  0.8320804752  
1.07682226  -1.048959391  1.948839576  1.902898984  2.015179546  1.882319368  2.170347499  3.191882059  1.146859532  2.515025359  1.271880219  -0.2565309815  0.2287834045  2.644312931  0.34835412  1.399064623  0.1688620421  -1.2451383  1.443607799  -0.2164406213  1.336538156  0.1598970522  -0.01142952675  2.163396451  0.37069256  0.9416668252  -0.04236342631  0.219852097  0.9900906505  -1.330211804  0.5418003079  2.036241798  -0.2850012858  0.07470366628  0.1860190523  
-0.6428811289  0.09973127549  -1.483324525  0.7764485315  -0.882819865  -0.5169262146  -0.2098557923  0.02359285585  -1.463308104  0.4919771022  1.075419817  -1.078645271  0.3358546514  0.7074348543  0.3773147234  0.2563489756  2.514834426  0.2425377007  -1.041992844  0.454154185  -1.639671547  0.08139334155  0.5841176298  -0.2482632168  0.6443057984  0.4360500576  0.7097053039  -1.607551591  -1.356481364  -1.478020924  -0.2737924434  -0.9341299467  -1.334013971  -0.9416218319  0.6122736312  
0.2596456459  -1.05097361  1.141208917  0.687396298  0.881805084  2.047606438  1.650245622  -0.9856324362  2.418108605  1.200769331  0.1381244758  0.7166985572  -0.5833532213  -0.4747303379  0.5293606595  0.5027658413  -0.9920921045  0.6378785687  0.3762697255  1.081558465  -1.100494706  -0.4968722536  -1.528361444  0.2297212703  0.3446757505  -0.2700850235  -0.241228739  -0.5847369472  1.005634922  0.6112873694  0.6834643951  0.2478109665  -0.3862269692  -1.762227976  -0.4171437006  
0.2991990919  0.1864850332  -1.330010103  -0.3766035865  0.5046818585  -1.178526647  -0.2827872048  0.506101722  -0.591812612  -0.6217089301  0.3584940417  -1.140414485  0.494527681  -1.30923136  -1.103980029  -1.629291034  -0.13204343  0.01364094889  -1.455451902  -2.185384446  -1.460908603  0.01755577632  -0.5294878216  -1.449229939  -0.0609806782  0.7752232064  -0.3518916737  0.2074401871  -1.164225463  0.9903322023  0.2974889303  0.425544611  -0.5517924192  0.138785685  0.7409856771  
-0.2184455252  0.02415405484  -0.6875798081  -0.3634689323  -1.662288488  -1.633431073  -0.9727379171  0.7894976869  -0.7991576412  -0.5901819303  0.2819733757  -1.265033129  1.082584561  -1.618550099  0.5195283132  -1.85181457  -0.5722436281  0.5213476667  -0.01088368176  0.4382561719  -0.3912534019  0.9121412153  0.6632384026  -1.915002903  -0.6380389002  0.6979484851  1.325331122  0.1901279334  -0.679088226  0.3619954745  -0.5459805313  0.09957666726  0.3888875807  -1.417752834  0.5848011702  
-0.822925215  -0.2545381635  0.1546366559  1.257725066  0.3676186676  0.548279744  0.9411486088  -1.213768629  0.6153443912  1.297785642  -0.8358000541  1.045186941  -0.06481064421  -0.02731571985  -0.7997258742  0.4565291117  1.213551738  0.4356519966  0.550748697  -0.9600782652  0.7884030745  -0.08461168927  1.096683035  0.9588840369  -0.7728478662  3.228715508  -0.3565794908  0.3909897353  0.691504598  -0.548919154  0.5287781256  0.8210502926  1.535259882  -1.090191869  2.70513262  
1.315312451  0.1160557343  -0.6901730907  -0.5863578018  -0.6155111533  -0.334771967  -1.224035697  -0.1455601211  -0.3183181686  -0.3810794307  0.5894480996  -0.2412265132  -0.02557910454  -1.271490763  1.129459492  -0.04482128397  -0.7054546619  0.5405963043  -1.664788808  0.2554552069  -0.6507789228  -1.360722121  0.128998262  -0.5943717861  0.1337620441  0.5210344815  -1.042336741  1.36111972  -1.633637934  -1.5119294  0.7969288476  -0.1867283421  -0.09812272289  -0.4721890649  -0.04199816738  
0.5350540949  -1.69588902  0.4844090895  1.342569035  1.723355007  0.312570933  1.547824782  -2.117676422  0.5810767648  -0.7381515958  1.324893919  -1.511121425  0.8795080775  0.9882032733  0.4862180853  0.2483907354  1.854929255  1.478101353  0.08252189557  -0.4042820293  -0.6292502414  0.4381067838  -1.625181594  0.6852381251  -0.2247204139  0.4139535775  -0.4556142792  1.291283256  -0.08286122075  -1.014184824  1.084159281  0.9887345994  -0.3121137429  -0.2531643338  -0.0681915622  
0.8751999233  -1.549112134  1.719591609  1.244565217  1.913350387  1.795807355  1.935818926  1.44231101  1.120040468  1.723426477  0.3709327162  0.2938524016  -0.2724037068  0.8246564576  0.2487827828  1.207167311  -1.521985175  -0.8065302046  0.8716847943  0.127090386  0.7508830344  -1.570721567  -0.9404028614  1.386596154  0.04205087941  -0.05884745252  -0.7300578673  -0.5530949382  1.095518013  -0.02971712265  0.3099420991  -0.1048600287  0.2959474898  -0.01885517548  0.5089633671  
-1.370277432  1.324689316  -1.195460057  0.1583955312  -0.8655566028  -0.6747579105  -0.1149721331  0.4175249138  -0.9442180683  1.073992515  0.9874343047  0.05975929786  0.2411264355  0.9304039641  -1.212061347  1.776019266  0.2091567989  1.114072415  0.6104015223  0.7763047059  0.3488617536  0.09988058087  1.18131831  -0.05149639052  0.8534075354  -0.5422012283  0.5518708385  0.1160464842  1.644354838  -1.238876937  -0.1549550677  0.5589228476  -0.41916577  0.8107758796  0.6843322365  
-1.103455316  0.1935946265  -1.305421293  -0.6900471111  -1.020755759  -1.410083176  -1.221685556  0.8561967453  -1.52503341  0.01163316822  0.01928563536  0.8709446507  0.1570171611  0.06422129449  0.509904064  -0.2306362368  -0.1534291967  1.818141567  1.040328435  -0.4995670018  1.648358084  1.837794051  0.9007511214  -0.2271948781  -0.1121242024  -0.8610127481  0.8689295924  0.07635689917  -0.6245608962  -0.3615801699  -0.7645771078  -0.0661477463  0.2768014771  1.514078275  0.0009388317439  
-0.5740233085  0.6360254259  -0.3205751235  -1.650597151  -0.6025498211  0.4495545871  -0.2549583403  0.9508696853  -1.036481275  -2.122905637  -1.206569676  2.01516912  -0.6654467005  0.4386151401  0.4717394968  -1.473084598  -0.9904206686  -0.5802849147  -0.3982014016  0.7222719942  0.9690501269  1.973971447  0.6004607634  -0.2852042682  -0.6115253316  -0.4348171615  -0.4276612898  1.355778567  0.487672159  1.575690351  -1.104171501  -0.6151424599  1.06333684  0.451914019  -0.4188578126  
-0.7024557028  0.9810984992  -0.6953428173  -1.201648232  -0.625437582  -0.2892339427  -0.515391401  0.9705276546  -1.364462306  -0.268439377  -0.6989916512  1.668218522  -0.4710923768  0.7423349017  0.03145586083  -1.022634802  -1.28233516  2.034201029  1.554385609  -0.4825715726  1.149863292  1.520037148  0.01220990313  -0.04633585865  -0.2578122408  -0.3765785366  0.3759631252  -0.7500260761  0.9590901099  1.271874087  -0.8668386778  -1.542712214  0.4983641563  0.9185652041  -0.2144884328  
1.611097766  -2.015051167  1.085653704  1.49277346  1.13674499  -0.1458295479  1.158535712  -1.288488445  1.162313876  -1.066246579  0.7887015351  -0.8795078021  1.757497425  1.068098067  0.6074318797  1.10070874  -0.6410741176  -1.865883571  -0.881923809  1.634002423  -1.080730889  -0.1224759786  -0.8154657716  -0.5032618133  0.4106695601  0.2720813198  -1.075725256  -0.6188856452  1.174866977  -0.6149482543  -0.08088827095  -0.09156900762  1.191763932  -0.854801759  0.7933857972  
0.9355486799  0.9831469647  0.07787835903  -0.8160128523  -0.2310063567  0.4388956715  -1.45596049  0.1330469981  0.1643513559  0.6647839049  -0.08812861414  -0.1952586209  -1.822891201  0.8125133445  -1.637095663  -0.5695814942  0.3177541992  0.2988655108  -0.7579339485  -0.373108489  -1.1561384  -1.722402793  -0.05531324912  -0.4716835708  0.4326990174  0.6899765923  -1.297276016  -1.129948199  0.7257620884  1.647485614  -1.204920556  -0.8212310775  -1.445885419  1.982392227  -1.161822682  
1.323090173  -0.5757959782  1.150921368  0.008700420107  1.154535021  1.374525352  -0.2458013127  -1.287182396  2.534633938  -0.1073219713  0.2087901795  0.347887315  -0.8188370192  0.6870381169  0.5801146815  -0.3185462913  -1.609250364  -1.135310462  -0.1517783083  1.150763613  -1.337509436  -0.4555487526  -0.2132228795  0.1928176443  -0.4878318895  -0.2319575772  -0.8904074622  -1.908004163  0.3380105307  -0.3517248451  0.9028547507  1.225541376  -1.376113973  -1.056541758  -1.021098213  
-0.9891081236  1.553549211  0.0879779625  -0.05770211313  -0.8793741613  0.5207938295  0.2893039261  0.8849209947  0.165164998  -0.8302348625  0.5359065916  0.7605521457  -0.7791646356  -0.1809948545  -1.898217149  1.695971758  0.1241819323  0.7924303427  0.08728113315  -0.2330869735  0.9181223908  -1.668670288  1.79651489  -0.4289406047  0.8415629838  -1.589987858  -1.560958179  -0.9632321212  1.17181667  1.123624718  -0.3981306365  -0.5341828454  -0.07604967033  1.491371395  -0.3681767214  
0.2291596074  1.387396069  0.3158015061  -1.889373686  -1.102409594  -0.9157886265  -1.400572977  0.7905728588  -0.7547874779  0.3431253011  -0.34436579  0.2004428338  -0.5142781471  -0.6064374461  -0.03041599005  -1.73669392  -1.735036832  1.434457736  0.5569307129  0.6463821142  -0.2181833714  0.7973540414  -0.4706413309  -0.27705686  -1.753379711  1.179083481  0.6967517552  -1.105511368  0.1019773917  0.4726353387  -1.28913278  -1.476894289  -0.4749501938  0.4337206718  -1.081563847  
1.160299528  -1.285881464  1.54665387  0.5139264663  1.285987302  1.295696022  0.8283279504  -1.138384462  1.242996971  0.5362346603  0.2170170799  0.06836421342  -1.326105567  -0.4395420786  -1.840497572  0.09638830375  0.7258029185  -1.293780478  1.160867389  -0.3607280127  0.2522754436  -1.570411454  -0.7691314112  1.213189119  0.4358647518  -0.7826968137  -0.5321587278  0.1975537149  0.6065700521  0.5415518559  -1.668325677  0.04409647572  -0.9033691489  -1.914187903  -1.34693489  
-0.6893894528  -0.0118465528  -1.400704014  -0.3423430166  -0.8936624335  -2.099514454  -1.61893093  0.6187279316  -1.041893169  -0.460309768  0.428646668  -1.115793178  2.071214389  -2.198282739  1.742251345  -0.3353480435  0.3349718048  0.9834020132  0.03510257301  -1.107840888  0.498016663  0.6146435338  0.8228204248  -0.3952167454  -1.989205806  -0.0860242514  0.2992474642  -1.405348422  -2.33725187  0.6930591544  0.02905304995  0.6095633456  0.002466750664  -0.8366338876  0.4957890871  
-1.197618557  1.038354675  -1.149427666  -0.8690335444  -0.7566508632  -0.6299915829  -0.4833556896  0.9726835345  -1.353258397  0.3755690822  0.1699176575  1.222341594  0.2954662276  0.9034969061  0.4054248587  -0.6448758006  -0.8200271781  0.148197964  2.342381776  0.1003341774  -0.4019026569  1.567915635  1.860822064  -0.1530799728  -0.04634057431  -0.4242227537  -0.01997915636  1.100437961  -0.9438830277  0.743696739  1.001202012  0.2529317844  0.5823087499  1.040202053  0.5055933424  
-0.5585803369  0.08098338259  -1.263780367  -0.6626564596  -1.751870375  -1.764705239  -1.245488486  0.8681785892  -0.9116995255  -0.6012938177  0.3006263346  -1.194667793  0.5579729661  -1.967076975  2.313280713  -1.584948517  1.425294187  0.0900462302  -1.789606931  0.1879994678  0.9311474993  1.037218947  -0.6996259544  0.1205994612  -0.5756470502  -0.1821765646  1.652217275  1.005343241  0.9677669093  0.5691551127  3.358697209  0.7176075481  1.143677785  -1.114048207  0.9484587294  
-0.8866621602  1.176046778  -0.1466134163  -1.134210761  -1.26611202  -0.3136466163  -0.4666682375  1.060811386  -0.6916412397  -2.337857323  -2.843316078  2.164326256  -0.8964226463  0.3398941804  -0.6252027047  0.1213628323  0.768950234  0.0608360598  -0.6791578809  0.8662945762  0.09799471462  -0.8213880084  -1.325890329  -0.00604982245  -1.280832051  -0.8035345063  1.515064961  0.6164777019  -1.078297751  0.5569295185  0.4942997687  0.02098139998  -1.456952498  -0.9037183077  0.9851193636  
0.2174523849  -1.886881  0.9153300078  1.310815318  1.107841531  0.7801293849  1.30696965  -1.248635749  0.7448598873  0.6614738777  0.9108400477  -0.4623845807  1.762045443  0.1040756093  -1.259031359  1.280996195  -0.06407283421  -2.002286101  -0.8948927959  1.581791687  -0.2133120202  0.5714128129  -0.8404384193  0.5822491064  0.1983576305  0.9317675737  -0.3919149846  -0.4718312772  -0.1229960728  -0.6365852752  0.4874668111  0.4219359732  0.1843846812  1.163569488  0.2207816937  
0.1816096074  -1.357643454  0.9724948935  1.077977524  1.134085285  1.184745892  1.614333599  -0.9117434247  0.6792015237  1.349257044  0.4862524233  0.4291090026  0.05948117403  -0.8482667536  -2.064444249  0.5371880815  0.07269883047  -1.90492643  0.2541984948  0.6554792425  0.5654587638  -0.6824205084  -0.496458505  1.305671061  0.5182017146  -0.3531671891  0.1735099059  0.118071762  0.04231944422  -0.2147624172  -0.3812335362  0.3514358015  -0.1439330282  -0.2770701202  -0.4879752051  
-0.5499251432  0.3809275194  -1.661738972  0.2715248698  -1.182169394  -0.9114237507  -1.440233476  0.0137258808  -1.034836899  0.6422155851  0.756084706  -0.6581702949  1.440534704  -0.2005367801  2.073797287  0.6612671288  0.4145099876  0.9708940617  -2.079132231  -0.2168406468  -0.4059261681  -0.224581374  1.336554741  -1.908921369  -0.9283446499  -0.3224470649  0.4472254409  1.181551451  -1.637314852  -0.3428231737  -1.466590145  0.5023262462  -0.3523452916  -0.3149250643  0.3431424487  
1.973505222  -1.064545691  0.7560252348  0.9788138073  1.048319715  -0.3165788513  0.2177484886  -1.714712416  1.420880959  -1.35063133  0.9110300684  -0.7058135295  -0.4335444842  0.7707768923  -0.4831378976  0.6337548677  1.402947304  -0.3394505331  0.4923887264  -1.207082965  -0.9767799425  -0.3869842651  -0.9886988011  0.8439167481  -0.5372136972  -0.1382299319  -1.112861945  0.7823367673  0.3612703302  -1.470200034  0.01496031936  -0.4577806072  0.5108699719  -1.531566328  0.2757339412  
-0.7306081154  0.7913156086  0.4362586953  0.66132228  1.235195362  1.153698993  1.794523577  -0.3153005356  0.6407545588  0.2048268732  -3.093346447  -1.241117618  -1.473825852  -0.4086606438  1.090657437  -0.2054104667  -0.01840764264  -0.307430668  1.076454755  -1.374479929  0.446826979  -0.6108300245  0.5755033262  -0.2466220053  3.261932339  0.6772525161  -0.5203313382  -0.1487672632  0.4586917745  -1.615846304  0.2119938438  -1.131229395  0.5459809136  2.211139089  -2.298637639  
