4.797863315  9.812785307  2.445796728  13.55672201  5.339480747  9.562107226  12.00781477  29.67143669  10.18049831  38.54255559  25.8511408  15.2653286  1.608109256  44.76134118  0.6686799611  7.277558563  43.15786578  33.78639298  23.41356378  10.14066198  1.335229793  21.00797615  3.130709192  7.101714872  40.52198622  6.290696879  41.68216026  8.18916238  19.95120051  17.23883842  0.2948530375  16.76321364  24.35765848  3.035280989  43.51107792  
40.63173086  52.4194274  5.534285587  51.80850791  59.32002725  1.754140221  28.71506393  3.001945197  18.60146506  95.0036946  38.12455927  49.62486764  10.41895153  7.592890323  30.16650366  16.87683933  2.90437068  44.54916164  8.787944245  112.3096991  78.24996953  79.23628295  6.476676017  42.6485236  45.30416908  68.63741085  38.43594082  37.16813991  18.98923082  67.90446865  34.18120927  12.55947954  116.1895867  24.55662326  30.67127604  
31.51360189  106.2364979  4.439674199  215.0606797  28.44984639  5.704535029  214.0011597  33.37264947  50.1380935  3.773877113  16.83061649  20.2817883  99.69431329  70.27701848  15.01062233  83.43978376  74.75454013  33.33784534  23.88712741  26.62042853  195.9829104  11.83099029  3.695936135  138.9520061  107.6773073  50.23974021  17.57482088  83.16443181  118.2567776  96.15343493  76.73890144  67.83820932  64.75235719  158.2878739  39.74460951  
71.35691386  37.60820007  74.165696  18.83282819  46.74212897  97.27504201  52.15349136  5.767996968  129.5847466  39.23626581  33.59085423  33.82433536  61.52071822  202.0949641  18.31569823  83.13796515  163.3967043  5.998726816  44.45390658  14.84584973  28.51266776  48.26185339  66.40891433  75.20759009  218.2380952  149.5224707  199.858492  223.0335634  56.15587431  22.62784128  75.48945188  106.1678535  39.57758564  57.17988079  167.2936849  
72.71601662  49.84530861  11.68487311  11.50054901  7.157273341  3.985221973  18.50242697  26.89704448  25.20737495  19.26224743  29.00788343  90.01197332  4.631100127  87.73306529  52.84839332  38.27733778  100.7559382  65.5744762  45.15794552  40.62314356  161.0014144  56.85871864  103.6284589  107.164723  10.3950049  71.06218415  185.0534333  37.64327538  32.84303895  9.766091298  10.46134313  6.796060096  118.0817783  36.41349722  25.53153326  
55.96170936  8.831516385  129.0687187  36.6128559  63.15972728  91.84529333  8.112602018  244.7960219  113.7496662  41.01245142  46.92639468  5.604694754  76.04685792  26.50064324  29.46730534  58.20330189  57.37540775  68.47067655  133.3604016  155.8984647  63.57218121  169.1215222  115.8407636  26.2099342  11.59444401  18.79047654  148.4865662  15.40244396  48.45457767  93.51757359  62.56322385  83.95941132  80.37892334  25.94497773  51.76764855  
98.73460607  45.22462632  105.5767436  1.673186271  132.2040217  23.75312233  11.04454055  3.061728597  84.80859066  23.84131189  8.185944305  23.97747554  19.17596173  17.97770096  12.64187914  85.22373421  3.870976313  54.77230867  81.42806148  168.7634891  0.2376943851  171.8992953  12.95052719  89.6206176  56.73314515  40.68656191  32.34607874  25.64809707  74.83830271  42.67987106  129.0765715  49.97579891  24.49220623  8.392744554  69.58453594  
36.97226474  13.04496864  35.80981201  160.5738953  52.7113731  163.3685215  140.4911591  14.37389035  64.03944715  164.4112682  131.0071902  27.25744302  6.363705173  106.8725553  142.7275088  236.9511181  72.49056202  20.26242427  53.62643727  57.38171388  11.48472574  36.57986744  87.6831784  0.625553091  115.8871326  33.57412741  15.73671666  50.97314778  77.93181077  94.56192623  145.5325363  95.85712327  232.5816881  26.16498083  41.05142029  
81.35496231  34.57231669  56.68791498  28.2379697  83.82802803  129.1169684  59.64805555  40.3512435  99.84863887  26.32349733  21.98482816  211.9324189  87.06416586  88.52468831  70.50620601  23.70462107  69.63703217  28.71287876  41.46406867  135.9890047  81.76868419  39.20382496  45.93769375  88.01213397  1.078327175  66.07258041  50.99995141  42.27542271  38.32422628  43.18386275  164.0429498  17.18490347  41.61390727  1.32554212  6.43907256  
48.05410115  158.5614611  27.13245575  158.7155776  136.2966364  52.27050321  81.79653805  31.34117633  22.7976558  23.89472928  107.9092214  18.76814766  9.113768648  75.50884852  65.71723904  21.68868845  18.6999776  51.90691332  49.87635508  37.56220239  78.93030108  9.871993507  5.898466973  25.34794896  49.05675248  8.546104725  26.93712234  8.557493854  106.2008096  80.25119032  37.42268717  11.29554208  15.33916868  35.52927156  31.57754026  
1.795683888  65.07423047  42.99076744  3.877524261  30.93904791  9.638360783  9.710300829  14.02805609  5.638227754  124.7980221  45.82425015  93.00143893  63.74513779  40.49146162  0.07648919829  38.55736131  2.555030483  11.16112394  4.635019363  18.3239057  55.24222565  25.58632662  115.6807795  37.69215967  19.70007989  27.18445896  107.7035513  23.04640456  84.47633402  60.34760971  47.35351404  16.6023432  70.41624913  116.3436284  18.77839737  
117.5830621  62.99351259  143.3578878  33.25161581  124.9302933  94.4513313  66.96685336  109.795876  78.88287989  49.17281079  57.18711654  3.105332674  27.6479582  8.46927003  112.3821767  5.492974586  94.01677728  128.7457078  9.653465191  116.0386028  155.3499402  220.7935257  272.3595358  41.85858163  37.70328352  21.66669506  0.02328301524  363.1611408  174.4934578  17.7944777  130.7116891  143.7576799  6.763282145  35.88326894  244.8637221  
13.51941959  90.36823169  68.48559619  90.60447475  41.45922507  14.83717007  34.33220139  63.25988788  27.16862369  76.17673561  260.1186169  18.03025533  45.90872568  1.278444811  90.77733503  108.3509607  8.052096021  65.70766584  81.5357775  158.8582066  146.5019093  82.68891342  103.4384244  107.0925174  5.571298862  292.1595872  28.31502989  175.0730703  2.480879085  73.68142693  77.99191296  24.97763009  121.1315625  26.06551365  96.09007834  
94.78841689  76.0921029  18.74220091  141.6785124  12.66924487  42.22851917  3.046017366  2.919367186  14.47419636  17.67389403  126.7976431  136.1374174  63.84222885  5.218225066  11.54948881  101.5778676  271.1066106  3.892625971  80.13856114  109.4868836  25.42837923  79.96923645  7.002610695  23.93772701  40.88593512  207.2905223  196.4197449  93.34891283  55.22384775  119.0380234  120.4641339  27.44666686  14.78358685  134.0813153  37.35808673  
125.9892113  96.76501021  29.86396026  22.65070536  128.3281036  38.29047712  42.51360291  274.7768586  189.6539006  73.45279532  55.22853106  75.8266957  53.6320603  42.40600296  41.66998534  0.4081070416  20.05602046  112.3212397  90.08661001  65.98961737  74.8160471  36.50920335  116.022628  17.9185711  13.33677021  85.94695228  52.15656615  7.998772284  90.27460622  42.0741137  41.2148924  11.7698509  11.71517185  24.64118168  4.196373491  
24.66779083  19.2587237  41.38320876  114.9577168  50.97395253  145.6492968  167.1221267  39.07258587  35.87234888  81.51254071  14.56825486  26.30612482  10.86154805  98.92385483  21.55377944  6.492057746  14.55002214  11.09994388  30.49604931  97.00734447  84.06681933  1.774428839  6.839163809  59.28401047  59.13864042  22.08202928  121.2705927  113.4733302  39.02662527  2.05336393  74.84736105  92.49327265  160.8851349  44.13516832  76.19699011  
177.0603561  72.83150943  37.75179411  10.27288139  12.45085267  10.6015433  65.89916395  7.314841244  13.52389448  84.54777349  36.96439503  24.73200213  17.6079905  52.86328705  44.69520991  98.3093139  21.45536456  0.03976972968  55.2945  4.032049592  45.4705713  11.43528439  87.96439841  21.92274104  65.62521609  27.50798627  7.807425125  33.70749298  4.327738769  95.48041946  14.50165282  7.387214445  28.2963436  100.7150552  62.342964  
152.0149876  52.68762799  7.775237667  13.17232269  29.82685895  57.01545074  24.21510715  31.25821689  21.84738671  136.7173599  122.1987998  42.7672888  148.1764111  119.908396  33.22172423  218.1055314  5.721797106  30.85372802  16.69235178  18.57286463  71.23322412  26.7356711  57.79931222  129.0523146  73.5986126  39.57474554  29.70781365  33.73735276  19.34354201  112.9068447  67.13770407  1.613051105  47.14876604  111.2319656  35.74512566  
25.64850101  23.32399866  39.41454262  1.887368113  30.41941929  25.83324886  25.15771785  28.4177314  23.84387847  74.89941161  10.77058557  59.38869495  61.45210666  12.46410396  2.876175023  6.702238406  17.45288912  56.43952899  54.23477503  0.1551498081  80.08610284  70.07237761  43.67081332  20.90568151  26.70087182  27.52114994  32.56267778  17.57281974  190.1817462  19.32855836  16.92789007  67.6381058  2.216924414  63.76993245  55.78971707  
110.02431  20.32709748  149.3756807  20.40803279  172.754438  143.4517092  25.27799215  7.062293467  126.8223919  32.39697615  40.80884415  1.936659363  218.6203518  11.57861632  90.43228283  20.70999896  29.79710651  69.85284569  4.770077957  5.962341699  13.14403769  64.20117208  46.62679054  113.737069  129.1506694  150.6200894  48.31980111  15.89535038  29.75359315  1.061339933  29.26394529  54.02581832  67.55573043  8.158893091  3.025833084  
25.72886338  42.31387099  134.8662022  59.17002784  12.1577992  92.42041026  2.653908768  17.52641109  12.29620999  6.675570767  122.2152679  75.65939634  105.6359357  72.75207146  26.27278816  3.567477251  185.7493317  24.59764632  18.00989378  1.12835516  78.15182209  124.7407032  43.83647214  71.55882025  22.81226677  14.80757451  24.54789707  63.16045094  32.85342673  259.2444304  83.43396341  210.3570355  30.60770753  98.753964  18.45085141  
123.4522639  257.6338666  154.0933576  133.0842215  165.1399875  103.8132108  152.7821461  308.7218275  379.5540803  46.46659843  60.79686759  49.30013329  4.072365465  129.3787034  77.82084155  30.02662446  4.023536843  133.4884777  79.23626021  0.8419575111  10.95930671  25.24718336  221.5431808  231.4986404  51.46952602  2.749511649  7.121860966  68.30931225  150.8439176  21.00047537  6.777656864  210.2432028  27.54244999  16.34760927  8.544124507  
35.64199023  199.3479653  110.6763589  163.9370265  162.6374055  162.1936478  206.4859663  115.6623003  76.33471881  26.21716107  52.24265165  8.618490262  41.71769515  98.94786884  27.26063264  191.1040123  31.99960931  270.9554569  35.78982598  92.24840493  35.56232396  30.02761509  52.11575153  97.95229854  15.80474015  9.192072206  165.0195774  17.00127416  58.92784987  27.73861342  36.22549331  35.88997503  205.0847744  60.75961577  85.01119246  
78.12718883  12.1046648  15.4947958  77.0405106  18.66124866  1.128479118  8.24003299  34.01676545  16.36413319  132.9308309  13.81600708  127.8575558  101.3663936  106.2309558  55.88126599  34.83995665  57.19615721  21.87954765  82.11032954  4.675034505  11.03937964  67.38736759  32.3267118  3.962888335  26.80141851  0.8968478149  34.86057287  19.43619641  6.650826572  32.77535721  87.86800528  11.29427755  15.20761404  16.68152192  68.74199573  
8.441063181  15.32974874  34.2938545  54.05758724  28.67566238  10.99326417  38.52454134  4.107730917  6.655803232  44.25529639  164.6121424  65.90484885  131.857142  23.2543663  106.329213  22.23695506  44.08475976  94.80098506  53.687509  83.83842996  56.41071496  7.909775175  28.34074336  4.364872796  32.71657893  40.40937119  25.67743542  32.16922672  13.83823427  28.54198462  80.91006786  119.3450518  77.49602827  49.6363554  129.5335266  
61.43709715  13.37617691  23.85501971  4.336670713  14.66076968  67.57370203  67.41335876  66.91960927  2.27093012  174.9235005  20.76988814  69.96974981  60.10898284  33.94766739  43.93145142  125.4108354  28.10998388  181.9478243  70.18691493  22.612005  11.7850934  4.364644643  27.35241341  80.7875902  324.5048035  54.272406  72.44337705  69.12623618  84.69374928  50.17682835  4.473130904  111.8701164  40.25681287  106.1516299  105.354568  
6.367776124  19.13768944  70.03402793  14.0318069  47.1666358  61.6960427  88.60336478  31.90054779  65.22160028  0.4684317843  8.970494016  102.3165903  15.96306324  49.09780164  7.888299611  1.156224724  72.75521949  81.24346096  77.13129097  107.5274441  45.46592366  23.00565089  30.37402234  28.90862745  68.89490641  46.85157527  32.1006084  23.48951494  70.99580472  2.611458155  11.09759547  62.73382037  12.80236743  74.37962976  3.850562697  
43.68475661  4.644339753  75.49180227  49.48079947  3.691540779  7.908581429  50.41078158  33.30629495  31.3291868  33.6137024  17.93315408  20.43316007  34.06614475  23.20251691  128.9562858  100.1814216  92.99974341  34.85314668  119.6025965  69.75116386  13.89560987  74.25182286  16.5911964  15.65135599  56.19766016  33.46636953  2.648830705  30.89536225  39.51425997  32.22895604  50.03394513  0.1713513799  2.750134098  197.7071786  55.59449572  
0.9772218809  104.8364062  11.02138345  64.95489183  46.63336557  0.6862618248  33.99446745  124.4210321  13.43360325  14.70626985  71.57358013  184.5485692  119.1627852  94.55366965  342.8343427  1.309369566  66.45641657  0.746319247  50.8246829  32.16138477  40.89652044  0.2751952935  2.581362881  14.65425835  32.5594303  137.0189312  0.1125934339  37.12125496  1.919640553  203.9880368  52.47937431  81.50589948  24.00494839  104.5729594  146.5132554  
1.91253853  10.79223518  216.9727011  1.14506303  41.23121124  201.9076747  60.3549926  45.75326518  19.71165618  126.1848393  14.36855376  175.2222458  137.8346427  34.37800083  131.0403935  1.359526073  189.6363052  56.00230212  500.8553946  1.308392438  26.83654002  298.303155  11.7647283  92.73705759  20.68185451  30.71754135  48.13895683  0.4426921123  56.46814187  0.08516635209  0.9646888742  20.96008254  91.93910252  6.305880651  13.69148066  
