-1.386594962  -0.9039393208  -1.542771194  -1.063406609  -0.6333943497  -0.4176375649  0.2676343142  0.004503333103  1.18125348  -0.3939834026  1.884270921  0.04263877824  0.3890310224  -0.2136456653  -0.8124167163  0.08942520995  -0.3523228137  1.693606719  0.2743916413  2.056434853  -0.1911791841  -0.4987926462  -0.9298889452  0.1377339191  -0.5635331723  -1.302436315  0.5317743997  -0.9918164754  1.430306888  -0.6970517819  -0.08291226981  0.3700020466  1.274882747  -0.5545077957  0.5334924814  
-0.9117608241  0.07969075561  -0.09710030544  -0.3781165262  0.2368646878  -1.495038117  1.190905771  -0.978363962  0.4012233844  -1.023765984  0.3869918647  0.9698102158  0.4200255891  0.5055292758  -0.6853581616  -0.5227896652  -0.5860259175  -0.5019134288  -0.3633844201  -0.8570691505  0.5339692977  0.5097214896  0.8364984928  -0.9621660413  0.5822470491  1.54772589  -1.136015854  -2.172943432  2.665602549  0.008353165197  0.7056655299  -0.7158113914  0.4261315193  0.01123884583  0.6491193373  
-1.263844088  -0.3221165576  -1.204784085  -0.4124384023  -0.5372068935  0.0846712331  0.8641338732  -0.2519803634  1.242648227  -0.350310727  1.456328774  -0.1395566465  0.9880223947  0.05910107056  -0.7893237168  -0.174504021  1.21701389  0.6475850245  -0.1995277909  1.204197869  -0.1210639238  -1.048245933  0.1174796452  -0.4019386863  0.3249925525  -1.984013773  0.2682182853  -0.6855257441  -0.06488108314  0.6392613744  -0.4820134045  -0.05706616009  -0.7930178473  -0.7276047823  0.9491157659  
0.1579057273  -1.115987796  -0.5205217369  -1.619191113  -0.3900000354  -1.41156233  0.2153101141  -0.9355437664  0.1133320204  -0.40299652  0.8482101779  1.605724025  -0.3273005285  0.5384385495  -0.07661306652  -0.1828829791  -1.209436322  -0.368736027  0.8393707214  -0.6021211119  -0.3121149813  1.152303095  0.5977296769  0.5293433375  1.269200231  0.04272409826  -2.091027138  -0.6707362177  -0.389749277  1.185504013  -2.050067285  -0.206404534  -0.6059591174  0.01853035837  -0.3798005354  
-0.9061734752  -0.4458686804  -1.434495689  -0.8547989598  -0.4911570778  -0.3506263644  0.2077834816  -0.2914934964  0.54491817  -0.4578613841  1.094154072  0.01029205737  -0.09798856257  -1.306726966  -0.7139361682  -0.3695346834  -0.01005421186  0.2947536154  0.8129216976  0.7049874277  0.2745795113  -0.2187232948  0.5136303673  0.4488560636  0.5947789155  -0.7484167942  0.2449588024  -2.0388974  0.1989067239  0.6927827222  0.2293799082  0.3598423303  0.3180821595  0.8872681815  0.9035779573  
2.331922223  2.095959307  2.100588286  2.083226877  1.574032922  1.237499475  -1.846038142  -0.1093022521  0.6723694074  2.003096388  -2.056446805  0.5533614155  -0.5223472481  -0.2189883073  0.9323337545  1.585034134  0.9939552304  0.5994286508  -0.3986997512  0.5716857407  -0.5379630443  -0.6619381402  0.02467931568  0.01585222286  -0.4549704164  1.352466802  1.756360209  1.169291758  -0.8106285089  1.12527797  0.4589763244  -3.037769833  0.7802264557  -0.6564207314  -0.6483640073  
-0.2315046778  0.2686650572  2.212480248  0.5117694323  -1.18220192  2.032722047  0.1490445653  0.4743234832  -1.415896496  0.344495326  -1.225694943  0.06977666768  -0.5683016711  -1.685418303  1.345106966  -1.998619383  0.5584278673  -1.00224708  -0.5671425445  1.197749976  0.6237058499  -1.031087752  -1.489117673  -0.4308726245  0.9192106469  0.03416526941  -0.5479125475  2.455760521  -0.05359088751  -0.4874317273  0.4160196416  -0.05215753016  0.0179890689  -0.6139073974  0.1936325537  
1.370005509  0.7460668399  1.296721765  1.23189151  1.332738518  1.888547902  -1.622567523  2.022473295  0.1972250637  1.313029825  -1.544427041  0.2449833852  -1.031219153  0.4027161724  0.8869950312  0.2629621282  0.07141818127  -0.441451925  -1.075620301  -2.142785326  -0.09650620476  -1.704252976  0.1971611591  0.841750795  -0.9646232826  1.46232535  -0.258068764  0.5601788703  -1.181471946  0.4162727173  -1.392531825  0.2206786559  1.23589499  -1.175976641  0.9109377049  
0.6405780817  -0.796340363  -0.3799523083  0.6156272013  0.1515803266  -1.099325439  0.4260564983  1.205356182  -0.03123828516  -0.009555178864  -0.9394476683  0.4196539428  -2.22970245  1.196013464  1.380121246  0.8269444476  -0.5430576583  -2.069154693  1.663706029  0.7183179853  -0.01336456039  -0.1262483256  -0.5578370952  0.1023660909  0.4094468722  -0.08676762818  -1.162621917  2.203179784  0.3401583695  0.3467227223  -0.1263712618  2.334713189  -0.1694309572  1.930937984  -0.1733897851  
1.125114895  0.723240931  1.827482986  1.745026193  0.7529854138  0.62307634  -1.568346605  0.6905511395  -0.989612983  0.7085779469  -1.979266446  -1.968586877  -0.2319908498  -0.2458357002  1.050119962  0.7580427969  1.128096345  0.138922473  -1.299191735  -0.9805326785  0.2498691528  1.16199826  -0.8112022767  0.649465468  -0.8835491958  0.3385742295  0.9377013638  -0.283913216  -0.1554143473  -1.315498648  -1.5355031  -0.05083174627  -0.2669438909  1.822664509  -2.592097592  
0.2876400975  -1.194542921  0.3499852074  -1.02505944  -1.235276825  -0.5826375043  0.7896154243  0.3869840723  0.06153218012  -1.264346053  -0.2859869843  1.293840963  0.3027861491  0.545409934  -0.1074030195  -0.3939734811  -0.9888847389  -1.028845289  -0.9158725964  0.4000719783  0.6258900383  -0.4416616917  1.130914373  -0.3146996782  -0.5342820281  0.0901700605  0.516802956  -0.17712402  -0.4626429612  1.334143359  -0.6520236229  -0.5451404043  -0.6848877293  -0.1691512706  -1.014008078  
-0.9373877254  0.02652427781  -0.5063327819  -0.2979067556  -0.7619065372  0.8466647297  1.26531344  0.1602604148  0.0639800043  -0.7281458424  0.3330966998  0.4611704224  0.9231579175  -1.492565365  -0.3440103199  -0.3308620624  -0.3950029902  -1.188689283  -1.794497245  0.9035782416  1.130021674  -0.03436989051  1.859938844  -2.149995482  -1.646659325  -1.005444423  -0.6001302714  -0.488437678  0.6611232416  0.135246503  0.3349442911  -0.5143798223  1.291162266  0.07151054318  -1.298426522  
0.6718836584  -0.8744211581  -0.2675910047  -0.8486378351  0.750450485  -1.923783793  0.5175589326  -0.8801086694  -0.4989178329  0.07483964408  1.206069504  0.9689474993  -1.748494246  0.002405123836  -1.4012549  0.3747474414  0.07025254632  0.3376211366  1.307279774  -0.4212765146  -1.178428846  -0.07557024539  0.3367074953  1.501041916  0.3259527456  0.08325273006  0.6544317552  1.515358332  -0.482384581  -1.724011867  1.173252965  0.9321193434  -0.6978727539  1.482391882  -0.4194906528  
-0.2541154927  -0.3864413879  -0.6414056973  -0.3768885743  0.2449193728  -0.8246460693  0.5796423576  -1.316547486  0.02504980896  -1.397856311  1.20414228  0.1698328511  -0.2037200885  1.367442425  -1.567598117  -0.4002285777  -1.402026761  0.3220328942  0.7820475733  -0.0574466523  -1.556381337  1.915771143  -0.6916797591  0.4476355876  1.065493413  1.348229674  -0.2869164236  0.3891131037  -2.462272191  -1.614854984  0.4306747767  0.884195825  0.7605557649  0.6647857546  0.01642283015  
-0.1339466921  1.020062593  -0.2965752759  -0.06550543194  -0.741614107  0.3256577687  0.3966754879  -1.172635028  -0.7333679427  -0.2851455797  -0.03492774334  0.1748697249  0.07106487087  -0.08720078379  0.07683877172  0.6419634804  0.2749735374  0.1562797144  -0.283633535  -0.8816342039  -0.9832874025  0.7211610598  -1.913026573  0.01790997282  -0.6127621701  -1.013145548  0.5194542469  -1.087724694  0.8710718565  0.2408807888  1.76877024  1.369049546  -0.117261083  0.07259103194  1.597598119  
0.9710465322  0.8703511915  0.04489589483  0.5655063868  0.6310631594  -0.07661418133  -0.003009236862  -1.023549409  -0.7422260875  0.9074896845  -0.02490233009  -0.7534629575  2.466054608  -0.1992523437  0.6417608848  -1.471570671  0.8994106131  1.19904408  0.2159034713  -1.576338203  1.045123971  1.506482574  -1.385690069  -0.01976895884  1.110222005  -1.740780284  0.9993212106  1.334515648  0.9212315525  0.4069758161  1.431259089  1.507823055  1.067611812  0.363227071  0.9530478695  
-1.333588784  -0.1736414019  -0.7900634289  -0.2708603954  -1.08841176  0.09248269012  0.6925235372  0.7795911651  0.92654141  -0.08415842638  -0.3162760317  -0.4660911087  0.890990789  -2.033009622  -0.6966867976  -0.1461133885  1.427105196  -0.05135994703  0.107317183  0.3946830178  -0.5420730048  -1.05352842  0.5826173847  -0.7495392471  -0.3094175994  -0.5156375829  -0.3432623237  -1.743814296  -0.5299350781  0.1666105395  -0.4578228314  -0.8374461909  0.1877121117  -0.6861444419  0.08255900982  
1.603007804  0.953725709  1.15208732  1.608354317  1.477168985  0.4318379659  -2.325212497  -1.249487387  -1.259560365  2.160762496  0.3191074159  -1.454990399  -0.07185785172  1.799812931  -0.001279178068  0.7666299817  -0.2698859359  -1.240986648  0.7035240935  -0.7227880259  0.8885813434  -0.1662303288  1.517115302  0.8942600129  -0.552451832  0.6834596859  1.561100301  0.3119157493  -0.513601595  0.3358650832  -0.1522172326  0.4768634721  0.8055628628  -0.8178729282  0.6716178879  
1.08183809  1.399171877  1.558024332  1.463029829  0.3666925056  0.3139325784  -0.8731583325  -0.110725349  -1.81718708  0.7366024271  -0.8182972215  0.5407250847  0.8385034497  -0.03320957556  2.64452843  0.3341512193  0.5597081501  1.385342915  -1.365175323  -0.636974862  1.566356461  -1.216308386  0.6926681068  1.148796786  -0.596620145  1.243054425  -0.03479772718  -0.08006430095  -2.358439493  0.06927332306  -0.1559522383  -0.7069813767  0.0005166424229  0.2807393617  -1.164436832  
-1.055215887  0.8604941232  -0.1372633843  0.06298099283  -0.7818604838  0.8501827083  1.07901051  -0.1233212319  0.6752054508  1.103587305  -0.5963213731  -2.456110245  0.5604110899  -0.2516402518  0.3938094057  -0.2594730284  -0.3281869591  1.69560027  -1.275878585  0.3905706348  -0.915951097  0.3431370125  1.007732332  0.3773292279  -0.6321689006  -0.4376269932  -0.1217680263  0.8253273171  1.064552558  -1.041165785  -0.3024957514  -0.7013208213  -1.646367358  -0.6478578927  0.5791573965  
0.4261844443  -0.09505285979  0.1975921269  0.2507139545  1.477365747  0.5986439558  -1.230333951  1.852629375  -1.060793312  0.3241387982  -0.6697792549  -0.5831149874  -1.792419595  1.306368329  0.8198700522  0.6940196047  0.6256238576  0.4265057582  0.1705074998  -2.361586004  0.007255575941  2.091593658  -0.9897606255  -0.5467758087  0.8196856337  0.05074883417  2.45116863  0.8693655275  -0.6441782251  0.5641930758  0.121136726  -1.030670323  -0.2438213498  -0.4970492157  -1.054998313  
0.09632616402  -1.110893603  -0.4544686353  -0.5073277072  1.480040013  0.229969543  -0.01404119356  2.243753067  -0.9481892377  0.7853102282  -0.03590661977  0.6395530207  -0.2028419717  1.424068458  1.017310081  1.977269747  -0.8201689383  -1.555646947  1.185009214  -0.09148002704  -0.7160467532  -0.7081061319  -0.2945902113  1.134652231  0.8755877162  0.3890862359  -0.01455783025  -0.1777377521  -0.9968199681  -1.182551514  0.4363401045  0.3734441035  -1.78183365  0.5731051264  0.7769611143  
-1.261406105  -0.6668954894  -0.4886424927  0.007368157726  -1.40529571  0.6723443517  0.7645833817  0.6377986741  1.414947839  -0.3958174004  0.4155616085  -0.1299715315  1.607945215  -0.9758301008  -0.556396407  -0.6596749908  1.157939255  0.9822133987  -0.7811491813  1.025051943  -0.8607837333  -1.528141135  0.2241296447  -0.7127173571  -1.101154387  -0.8634194751  -1.795850953  -0.6301851938  -0.883180649  1.676805806  0.4562954775  -0.9447061469  -1.936125016  -0.1086132609  -0.6992256531  
-0.9014413683  0.01594248835  -1.38600125  -0.3220618739  -0.914691045  0.3502812837  0.7028361532  0.0002892553171  0.5935279588  -1.529851768  0.8158385222  -0.27696643  1.177371056  -0.4130000796  -0.794002496  -0.9195280844  -1.061836409  0.9823944482  1.538145631  0.8314918239  -0.09781001979  -0.5335386354  0.2106373616  0.5366313489  -0.05466814029  -0.1517057168  0.2110148254  0.04927747473  1.689905749  -1.348009216  -0.838362031  -0.8620113339  -1.154411121  -0.3088545268  -1.160175185  
-0.5188879299  -0.8460251817  -0.265330074  -0.7470683983  -1.180676048  -0.6715583348  0.5737035831  0.6285404256  0.9371008288  -0.6452787104  -1.519696381  -0.2592513551  0.9230069063  -1.162988024  -1.878948863  -0.5377174773  -0.2645845897  -0.9855475357  -1.174246601  0.8681961757  1.696441394  1.089338789  -0.9356610042  -0.4116650673  -0.3862334829  2.419615787  -0.4624813717  -0.09429053285  0.1142366805  0.5584176512  1.83854693  0.3037629082  -0.2195071731  -0.3749499338  0.09482463662  
1.860675522  1.713466645  1.739074797  1.65618057  1.017806731  0.7375386915  -2.131633838  -0.9315117283  -1.896965368  0.3864799796  -0.6212366024  -2.081522466  0.7193509845  -0.278784652  0.4574334764  1.367239712  1.357463294  -0.6098864031  -0.2940833646  -0.06737586464  -0.07732862182  1.378197313  1.16847578  0.2265918024  -0.7532697248  0.3367258045  0.0293564357  0.6881734032  0.4658724063  1.233312573  -0.4207448324  -0.03355928641  0.1270396004  0.6616673992  1.516933196  
-0.1575910681  -1.284220686  -0.1464995286  -1.115258198  -1.195417364  -0.3801689879  0.5979804352  0.3261408682  1.227019625  -1.06198863  -0.585974717  0.3526822131  0.6737164816  -0.1042323928  -0.03366631079  -0.1912833217  1.395698617  -0.3372434258  0.03364945026  0.5370457352  -0.5329246075  -1.529461686  0.8401746693  -1.32402764  0.07828854272  0.7629388479  -0.3593101677  -0.5456441176  -0.1566027934  -1.44930749  -1.367602581  0.7314836896  -0.2365221308  -2.031476529  0.7190690466  
0.9125684865  0.413084737  0.3268377677  0.677451017  1.620486933  0.5107535732  -1.341598762  -1.250882793  -1.785165221  0.8640813531  0.01063991307  0.5968213917  -2.002485276  2.368544432  -0.6329798872  1.105682501  0.3582944259  2.33443901  1.162365384  -1.464011385  1.788255745  1.532495627  -0.4356462886  -0.3708276904  0.6995591333  0.02797190507  0.03885641042  -0.2575735668  0.5462660667  0.2135371337  1.676865244  0.510121324  0.5935294027  0.5629352045  0.6061755827  
0.4918034279  0.5663935485  0.05908518396  0.7740323794  1.902226394  0.3788978872  -2.553599299  0.9473395964  -0.366531192  1.611136254  -0.004699760184  0.7654873835  -1.279737332  1.539009122  0.545902046  1.20140241  -0.6484713754  -1.546174527  0.8335661518  -2.478958703  0.8158810529  -0.4977737365  1.763746653  1.273156427  0.474283616  -1.132676005  0.3214688021  1.171858001  -0.9724797153  -0.8952052891  2.23134959  -1.302228426  -0.4899255463  0.701970355  0.8284557219  
-0.04868770586  -0.5921076578  -0.3190713988  -1.371672342  -0.2506084245  -1.372852421  0.6206501119  -0.2271089516  0.7010697351  -1.001332752  0.6955595476  -1.178652688  -0.434832549  0.9173192645  -0.2166967944  -0.5432339619  -1.462629078  -0.5839840905  0.6681502213  0.5979856865  -0.1504916974  -0.8777647469  -1.763787256  -2.505934575  0.9036227264  -0.2336570139  -0.2949280119  -0.08068762562  -0.4008004196  -0.06963409037  -1.657903264  -0.6249062935  -1.073511402  1.305694331  0.05767010257  
-0.6864842867  -1.467401535  -1.224500565  -1.933838009  -0.1000801351  -1.527154751  -0.06167055737  -0.7564460533  1.050642884  -0.6317948072  1.687718628  1.080700966  0.2073282032  0.1959735235  -0.2754134609  -0.2504538883  -0.6400360028  0.6304155711  0.0760876042  1.022193181  -1.713656919  -0.3390756045  -0.3992604445  -0.0498864412  0.5112995959  0.2750625954  -2.150315035  -0.7149558561  1.682997066  -0.5544817404  -0.9778587438  0.1357707297  0.6853026287  -1.09597707  -1.18951  
-1.244056814  0.799782261  -0.9528618832  -0.2040443686  -0.4305020374  0.3671767267  0.7337932802  -0.4874932735  0.2234442494  -0.8040947038  0.1169430208  0.1075144951  0.9325446469  0.3804198043  -1.090201035  0.313209005  -0.4303840926  0.6220542743  -0.4998654562  0.1728577405  -0.2262600663  0.3060103805  0.6699388694  0.6050611214  1.474258457  -1.416443631  0.07956953547  0.05483476155  0.675555177  -0.6414852104  0.5258340763  -0.2687055044  2.201106261  0.1685489082  -0.5160064048  
0.252809065  -0.08792408656  -0.3002482754  0.109165944  0.1483532807  -0.7295445676  0.2486176278  -1.885365993  -0.2996296576  -0.03573665801  0.8576966216  -0.4384882673  -1.015333223  0.2486796749  1.520237157  0.2360160714  -0.1989273356  -1.047541913  1.135129313  -1.304578617  -0.3375052747  1.45366763  -0.7478879923  0.658888441  0.3767150566  0.3192092591  0.9431421183  -0.006003230077  0.7619169431  1.493678207  1.926822001  1.949977013  0.5315252395  -1.642089699  -1.548944068  
-0.8125792962  -0.0287210112  -1.322087004  -0.9112141447  -0.2304366869  -0.1041235974  0.4995146812  -0.3961515261  0.6746685727  -1.403212657  0.6668350917  -1.503390076  -0.4525202394  -1.542654379  -1.84127704  -0.6783210218  -0.5136288129  -0.5054667134  -0.9530559787  0.6793636252  1.355890354  -0.1497034867  -1.33864124  -0.5512198989  0.248978157  -0.8099677731  -0.22152985  -1.072397585  -0.1421353716  0.731743522  0.2454799169  1.599374045  -0.9251966375  -1.129107544  -0.6546228287  
-0.4692594868  -0.06641699033  -0.09756859688  -0.5120398321  -1.885138113  0.5612580852  0.9791503269  1.25241035  0.3290896062  -0.5686051418  0.5607183175  -1.572424498  1.371231175  -1.489681774  -0.4342224183  -1.571283933  -0.6709587592  0.2940445398  1.456033257  0.5497550383  -0.2101310447  -0.3744233244  -0.3293137828  -2.191219196  -1.736382067  1.069974701  -1.38826644  -1.03891907  -0.05591099983  -1.777401851  -0.4400100085  -0.6810918856  -1.34596633  -0.6071458773  -1.853734615  
-0.5580837246  -0.8744182881  -0.9065270391  -0.5421278412  0.1862748512  -0.9169174979  0.315487958  -1.107770673  0.179607923  -0.863899812  1.065678427  1.747033576  0.506231766  -0.4507769327  -0.7921617521  -0.4163585813  -1.907085306  0.7308756656  1.084565245  0.1911015052  -0.8786558064  0.2236560081  0.224777931  0.05530475479  1.141556505  0.9532694305  0.2913876552  0.3411282788  1.003342697  -0.3340644139  -1.683196676  0.9601145716  -2.640581247  -0.2820324097  0.3896381504  
-0.1693344714  -0.8576680171  -0.2890285401  -0.08813734075  0.5117048126  -2.020239277  0.7385708012  1.895474495  0.1195064825  -0.499621596  0.5033851312  0.07043861618  -1.305438279  0.2975588217  -0.3586596459  -0.0647461807  -1.72466638  -0.6864511948  0.8373328818  0.6011278349  -1.131933618  1.910800656  -0.7932155057  0.06679909711  0.5673796554  -1.334401203  -1.107369465  0.00116532642  -2.014004403  -1.511657258  -1.020961259  0.2352132527  -0.3472216929  -2.910151743  0.2457972893  
-0.1460006147  -0.7681916514  0.6865383912  0.1449274458  -1.07743988  0.5003528085  0.9115520244  0.5691794846  0.9431162753  -1.282916737  -1.183049194  -1.753859698  -0.01636551214  -1.342373873  0.8986529153  -0.8356360109  -1.285100086  0.3557427954  -0.4875398527  -0.2217237733  -0.3555522735  0.04094461012  -0.8576724123  -0.8333716146  -2.027964165  -0.7987063375  -0.2597449262  0.5767001435  -0.8418228238  -1.614060492  -1.091729694  -1.462516533  -0.0696850122  0.5388392636  2.207575919  
-0.9008191752  0.2843581602  -1.18692665  -0.1611293783  -0.2188989567  -0.2230665939  0.7067883307  -0.4037729463  0.2927277505  -0.2069688204  1.409970506  -1.524222188  -0.2324176162  -0.4072286825  -0.8601358449  -0.08948657329  0.5940414182  0.9693280477  0.7207559803  -0.07130104864  -0.402844282  0.04708549897  1.208455192  1.249409666  0.2262395484  1.317718931  1.006636329  0.9817858103  0.9282663469  0.8741989384  -0.02155745724  -0.07127843925  1.619449321  1.517763073  1.950558544  
-1.079309163  2.016093409  0.8864718219  -0.1945642641  0.3786974915  1.426972849  0.136709933  -0.9862527376  -0.8016019721  0.7881717634  -2.313042454  0.6257072769  0.4163073516  0.2999540662  1.015507423  -2.882143368  1.951128807  -0.4599593622  0.60402309  1.210471002  0.6149635225  0.9234074262  -0.4988558497  0.5124646478  -3.401253616  -0.9044981081  1.119704156  0.7554097383  0.03237769913  1.077541267  0.06387443698  1.059635275  1.083792924  1.00380611  0.7322400246  
0.6242684563  -0.8847705154  -0.3362854709  -0.2004342241  -0.1964422767  -0.9503326768  0.5524846702  0.9984323793  -0.5201677389  0.3398411445  -0.2594883735  1.146482924  -2.127624565  0.7896330735  -1.166317733  -0.3688297088  0.3986002085  -1.110208911  -0.5630071347  0.116054282  -1.040292227  -0.4073359109  -0.9079937806  0.7587601327  0.3029555037  -1.423953486  -0.2504755354  0.5945840646  0.303245243  -0.3713451589  -0.3067623827  -0.1945588629  -0.09719190455  0.1970055192  -0.4867662755  
-0.3605508609  -1.558655695  -0.2256683519  -1.2943696  -0.7861471002  -0.9069712995  0.2374114822  0.5819788239  1.200916119  -1.719304258  0.6625050371  0.6574358014  0.887183113  0.7272775183  0.3067963954  -0.9644363807  0.3036104741  0.224750946  -0.8768971007  0.9378657107  -2.049680886  -1.744288262  0.1667819485  -1.020858945  -0.3640702884  0.3836049928  -1.69077429  -0.1021588708  1.092707823  0.3884126618  0.3849491389  -0.1535026556  -0.9756833822  -0.5706140437  -0.8409654126  
-1.169826189  0.1946321765  -0.07783811817  -0.01010997321  -1.144448992  1.341727856  0.7317254716  0.2140938786  0.2591765612  0.6364924151  -0.7000800574  0.1588294944  0.9756954777  -1.544128752  -0.3644325419  -0.2380688214  -0.8833437726  0.9064874442  -1.45867022  0.5694694721  -0.3912592726  -0.2877284228  1.505181037  -1.989733694  -0.1416613438  -0.09285613747  -0.6501942077  -0.103131491  -1.042691557  -0.3341770444  -0.004803320723  1.11592469  0.919307283  1.460298501  -1.479636059  
0.8264851894  1.524488392  0.7250249231  1.281367772  0.8302117255  0.4220170331  -1.336138257  -1.110918329  -1.961603311  0.8242725559  -0.2622165604  0.5014523375  0.2785661214  0.2689615432  0.9622145635  1.712480337  0.874679743  2.185140289  -0.69924518  -0.9593472635  2.995910563  0.3480235739  0.8929536891  0.7541678437  -0.5088643011  1.211156312  0.6781407683  1.624747741  -0.1231421341  1.535881844  0.533193102  0.06709821562  1.321520517  -0.3463086885  0.9925838824  
2.777302571  2.872100876  2.616034156  2.691042392  1.922439025  2.020409618  -1.827023265  0.168421595  2.624260436  2.4396332  0.3219297866  1.0675373  -1.132307205  0.6274363584  0.3735941915  2.300389205  2.17054545  -0.4889256674  -0.3366935997  -0.1781748463  1.744138224  1.341770286  -0.03103370397  1.90254346  0.1257584041  1.065793498  2.096768684  0.07101160012  0.668176923  1.339010301  1.126308371  -0.8308108528  0.8344956701  1.993267974  -0.06992552512  
-0.6016116752  0.199849506  0.5591179374  0.3509214063  -1.164897134  0.2055039276  0.3921048388  0.4351048726  -0.6902286051  0.7709827016  -0.6420414225  0.746402069  0.2860163326  -1.591332029  -0.63209744  0.4135076151  0.5580271171  -1.154769894  -1.497669497  -1.022790508  -0.8361686268  -0.3544822902  -2.202569542  -0.8635415267  -1.525601339  0.5379910341  0.8710387404  0.580645894  -0.2230135176  -0.5470972675  -1.014840838  -0.523388579  1.063716477  0.4500653674  -0.3282833838  
1.044626835  -0.06677255183  0.4889205899  1.208051283  0.1270369865  1.41775862  -0.6506012031  0.888330805  -1.235736407  1.063307555  -1.07166204  0.3364905623  0.02643066749  -0.1880277168  2.605205399  -0.7904819893  0.5930721744  -1.129789883  -1.634282414  0.7460016437  0.6459746519  -1.017864525  0.2535035269  0.1699194157  0.2853731642  1.089534326  -0.1888071552  -1.171570282  -1.048553547  -0.3409204237  -0.002555522755  -2.177206388  -0.3971790046  0.06052796221  0.648713011  
0.7498524133  -0.2499926951  -0.008008037464  0.1516813183  1.701097643  -0.4985505522  -0.1983321623  -1.418647369  -1.04290008  0.542226769  0.2865387419  -1.117148984  0.2366862134  1.162175221  -0.2035079111  1.716425266  -0.3607311992  0.007792972928  2.451813023  -1.12428297  0.6154812935  0.02712889303  -0.5529407224  2.110482796  1.504054289  -0.9308877866  -0.7878205753  -0.3359038232  0.5411420896  1.358842492  0.6773020109  -0.2258550744  0.81944598  -0.06963232576  -0.5633427271  
-0.8115176226  -0.8704974985  -1.156687564  -1.384142895  -0.2137340776  -1.090654104  0.05580830468  -1.140709347  1.143617046  -0.6475180718  1.313778938  0.6646978829  0.178109346  0.1775338446  -0.3128170089  0.2395440346  1.270266454  -0.5056543501  0.288544668  0.1971871913  0.1513682118  -0.4110848717  1.191805371  -0.3602511082  1.175082824  -0.7126616141  -0.8805660226  -0.8222771218  0.3923321666  -1.220992334  -1.021374304  0.2975329333  -0.465576087  -1.081700651  0.3437658167  
0.007734972943  -1.054219258  0.1361426306  -0.4779659459  -0.5843540397  -0.8948762254  0.4426231239  1.182129091  0.07780067513  -1.032487828  -0.4328015226  0.8669170595  -0.2265229249  0.1107502702  -0.2345234007  -0.6648501161  -1.851916409  0.4782324842  -0.1571113904  0.8290804243  -0.9120185737  -0.9869641807  1.121838584  -0.3661633051  1.359937963  -0.7964470796  0.9571362099  -1.550895254  -0.04094674253  0.9236600181  0.06693384582  1.017566181  -0.5848802807  0.303766781  -0.0150904962  
