39.65509348  4.918864333  45.89918435  32.26377658  7.574977766  10.49517218  15.47323429  2.583311238  44.78026555  34.31370772  28.34228561  125.8394817  14.06193578  16.16675337  27.24071104  18.59184937  23.40213073  8.478869215  33.16433737  47.41844172  3.320000938  30.18544459  8.495813214  20.11456802  3.356440007  2.521396351  18.87989874  16.66284749  38.00910419  43.98366831  33.97188906  3.942215363  92.37363763  37.12558724  5.877638979  
3.529204798  49.14906607  21.50052943  59.34193337  10.90024136  45.67662818  48.79590274  2.607093302  38.26570796  96.70144782  19.43617712  10.35339921  82.28348715  30.07890646  16.98607751  90.73764306  118.2176378  41.00345926  52.25781245  12.98272563  36.17935417  40.34862617  30.29122585  30.64962054  147.4875038  5.651592815  68.67126632  115.356261  59.28240603  29.494499  25.439997  88.56218621  15.74313822  37.27220367  28.15843955  
119.1413601  13.63410179  156.9288847  66.70737346  17.63558633  123.6574174  77.96134681  210.9746669  20.93449249  27.67848032  275.7979221  50.23256788  48.04977124  36.53969954  27.90205796  85.65552223  85.16250053  48.89497459  64.81541426  47.52786711  40.67037517  14.29082212  5.685143258  1.509112563  131.9927903  78.41856367  2.183647116  237.8552983  13.19946236  18.3462874  78.07235088  38.12145332  108.007522  177.4387619  33.45118177  
75.25601227  161.9819596  118.457042  151.3729926  46.06765695  180.7975598  153.2152132  148.7914656  12.83992769  288.8278393  65.46391882  23.0566658  21.29810332  36.59253175  232.3873548  77.83556971  66.26320373  53.73649059  56.5724756  50.0278507  32.18097971  36.89586188  18.64110682  14.67720049  11.30799454  62.47123117  12.92992341  53.92238007  29.50054503  68.4872731  32.15638495  29.03501367  139.1711077  13.05619481  268.2068718  
176.495643  96.48076579  191.5772544  217.1566478  78.43241274  74.76694321  168.0270767  57.60634592  73.09748741  158.9634504  184.7529132  57.92325948  103.1099279  198.4233006  186.2066123  7.321107077  39.77331089  18.99230696  17.76586528  53.55111416  48.47158023  47.34994688  45.27888183  20.83551953  2.014460424  81.80471912  14.79752619  54.99702958  66.73048251  21.09019312  68.9605646  23.00271547  15.49503371  34.08317521  213.0474067  
17.98615986  4.599709892  32.85123461  30.82384797  48.75889379  1.06249665  19.06454861  5.659124726  1.885924094  24.2833053  27.50788477  27.0105082  67.64691295  27.45173055  3.670059509  92.15565609  23.88904307  14.90859464  49.25510516  44.0613432  128.3695697  44.31711683  130.9535147  59.59753762  32.00196617  40.20901537  14.43928128  23.72401944  89.55856844  31.03806434  48.31099799  218.5705342  41.00495212  50.69172727  46.09518367  
8.869026422  17.49137234  1.665990101  17.32410405  25.60027239  0.8780169735  7.309955672  105.0586406  59.66015381  0.04736105493  10.64372756  37.38362513  75.67685722  35.04396331  0.3032841387  12.06480071  84.84023413  66.01678919  34.28519526  16.58352094  48.07128851  8.554269978  71.65613698  39.26428522  73.66300027  4.189025783  4.512769425  27.28212816  39.531278  87.80102846  44.03629856  26.62004634  89.24271119  37.64740139  57.2480083  
10.49067423  144.8539643  80.04295997  74.34318171  29.74783277  67.15742679  1.873452645  25.31016406  36.09138806  35.03973255  36.51665827  18.02807572  84.94094328  67.3596518  26.6664318  15.00317544  131.8730388  61.94423372  66.83664454  127.9156453  2.329821049  91.46016531  178.7870344  46.79271786  20.00064683  99.65057126  128.5862729  105.6548694  11.60235142  6.166699368  60.99681847  66.95369614  250.1343173  19.17372191  128.6187802  
2.907649737  67.48379482  23.82565992  30.22901115  5.716829034  111.6649715  20.34734457  7.122954009  2.7602893  52.2573982  4.057723258  31.88845762  2.626330939  33.50311861  25.05178692  99.21858362  81.85382351  40.19778354  2.070167137  37.44731247  141.2460739  154.6945101  31.79666038  2.363771118  125.8623425  64.8512857  225.0543738  9.7062003  0.7211447382  98.50735749  89.25592925  71.04969495  64.6224348  9.155396785  13.39672288  
6.617136332  75.64642091  17.62748424  5.071892884  15.04670977  1.110168001  16.11833111  73.74058841  7.045136425  1.110777769  36.24645259  40.8869166  28.65790812  30.56048741  4.326806906  18.78528007  10.02699972  31.92932483  80.12713365  53.92784982  93.78692803  81.67524088  97.55693008  89.38828967  19.20208408  11.85249952  103.4180584  8.551112146  94.59321155  13.94193123  20.37134851  62.15622051  17.33122127  171.3325253  6.689895648  
13.21859359  27.02987131  3.069169177  25.85011337  27.24345169  65.93373399  9.116996546  1.428273104  4.372895229  6.740751936  40.02086198  197.3114008  75.19426581  87.82216525  24.44130316  33.94801727  50.07611759  29.12611294  110.2137626  9.736342399  143.3327588  2.460440681  46.95816304  86.21236857  11.8990319  4.699534238  7.994867692  20.31417415  28.17513048  47.28459848  128.6319111  99.34997913  2.492554386  3.593043628  29.78829007  
0.9065801096  117.4628572  26.12915573  21.6623632  0.1832063694  53.38213475  7.481614834  172.480068  27.75058952  7.720445124  0.9293919686  119.982332  126.0385914  18.24751551  11.48979208  10.18177227  63.7767591  150.7057721  6.98209383  54.16224665  65.80144997  37.87601421  17.39998976  33.7183329  19.76519074  151.635941  6.767940009  33.28000301  59.99490609  15.91822464  20.27635022  9.226745143  5.91310902  89.96024836  2.499051845  
140.9528964  53.80491322  135.9151449  97.45065225  360.2037546  21.4515123  138.9680847  25.96474023  43.3318616  91.71856858  14.05209333  5.31160655  194.3046623  161.3655252  8.336014445  185.8437837  14.94525334  245.7137399  173.3781859  65.22964163  62.06315109  251.1286817  53.59212986  185.4031137  46.73841689  7.102865201  141.3989842  42.30851019  102.9143106  4.034142645  143.2361324  6.28085706  71.3366186  27.65703263  1.382679795  
31.30941934  16.1619685  7.947377081  10.90887967  41.60755406  47.83660895  46.18402537  7.170770489  242.7462175  34.33392745  18.96788728  47.00259576  0.8498705398  22.80966368  111.7213286  10.63858469  69.53247293  66.17468061  4.135527419  19.85637439  74.07049787  10.19606514  23.25186976  44.97892922  11.65400556  71.00744496  54.14281731  2.839956931  100.7601088  145.9204516  15.03256405  59.35728191  12.17791359  6.017369618  63.13684272  
21.53064701  52.4510457  6.683912772  38.58027706  40.34663977  1.226822776  24.03031225  11.34771821  3.964653699  32.17141681  24.13690984  13.32699029  57.06540789  73.2905772  39.55839956  125.4494256  48.80122464  21.00061471  14.32143363  71.71651264  65.33376769  13.34088865  58.81198615  22.3954911  1.287499493  32.59243411  11.41959801  59.85405466  77.17427642  7.72705165  155.8754926  10.20722463  72.18141624  137.278234  22.43222313  
79.18683211  6.199006596  64.78277244  60.16271795  17.63421588  15.36169035  30.06520659  35.9950567  149.5404541  58.97210704  100.6334957  41.1249612  24.25795756  1.716671517  48.39284393  7.622273493  7.23337117  47.48928923  27.89886863  12.75240762  82.63457771  2.911833081  38.27756386  135.8176608  11.78734969  24.6155157  18.86364203  54.82290519  41.73545083  14.28774552  62.99774431  71.1015894  10.80376499  64.09749797  1.287120407  
77.42913065  13.09098532  2.75561296  50.53143312  47.23845572  49.597418  12.00391647  46.36165527  2.826109329  1.298983697  44.00906674  21.8399029  19.23766253  46.99132092  50.75664997  31.38889696  0.5863404346  5.892258918  102.7517643  2.097001827  12.0753862  53.4943691  131.4657701  51.47837614  82.15104613  24.01434487  104.409386  42.8063336  82.6495207  26.36711758  1.858757466  138.1505369  8.176632532  5.741618684  42.10548566  
17.2628801  62.59575114  17.75955776  9.223819154  14.37785371  53.47913942  10.12929945  1.822858323  86.30564075  27.56217441  17.03172039  43.82432241  2.098137831  24.6082794  23.75702567  40.79236648  10.3714281  24.99199338  1.786602704  125.4565995  13.34976897  45.74585899  7.329475204  18.4422826  68.68146279  194.9010173  27.2703196  22.21313091  8.369995607  216.7145861  42.50035446  1.120336533  28.7377687  6.46196621  24.85688941  
83.55287678  53.47828698  21.56099389  54.41629342  162.3572447  15.99407723  178.6124743  81.05095546  56.34574664  11.46793973  29.03755328  5.080948686  27.97359297  52.55672717  6.210160697  0.6559276682  32.62071868  10.97844615  45.4309113  55.09516049  5.975295389  15.19508277  63.78548577  129.1858696  24.43048015  20.19252642  112.3545286  4.237475983  146.3157987  41.20241574  22.5858181  8.669852964  16.61024067  0.9834356951  34.07389974  
72.49478673  14.97925437  55.77623045  28.71585007  61.70041385  61.9879373  80.92691439  73.2062058  36.00514865  88.41738946  59.72441884  93.27603265  16.92441711  27.98083085  10.38375271  54.80791668  5.506625767  74.10902802  15.04244156  90.09128779  7.039983445  14.92425003  42.0380427  44.95986783  90.88382886  15.32877434  95.41086475  152.4105839  1.377957586  74.53042414  28.34597814  10.57505986  15.23952115  18.9464561  1.5207247  
61.31881378  9.098638037  91.59270612  27.8651278  4.842654458  43.14522429  4.981525645  21.44306232  25.86570177  4.007640422  9.102052202  11.85471833  0.8687213941  97.77291491  156.3846363  88.16078664  9.232366588  6.241108085  17.7677411  1.794164125  28.03880501  126.5490619  3.450402671  55.10965019  2.867052823  52.36100482  16.35119997  31.72466173  6.01499917  62.16856276  17.9832226  5.47735791  0.0848559703  92.24116518  37.90696623  
36.32785857  35.32285303  17.88333311  11.46081023  23.06958827  29.57983778  81.0598502  2.568849781  70.16825379  29.8336504  20.91391145  89.26274637  9.145968543  10.01682264  165.3134458  20.0082554  105.4941021  104.3399122  1.004110954  3.214492899  29.00824245  19.08874226  70.51077392  50.33484762  188.620286  31.56931225  0.5350967039  21.39518681  21.85995945  31.41266742  18.01180522  53.90750976  86.12259936  40.83117218  25.99787702  
58.38857321  49.20387709  22.32238891  37.27488338  18.11892624  98.29199466  24.32499936  10.95229208  112.0177821  3.277815601  41.21296022  7.740939634  107.570298  32.63480902  11.20725025  83.54043476  79.53953925  19.41672165  236.2680004  34.11642104  39.81690495  7.987801537  1.550755431  32.45542502  55.09427559  16.3196924  9.893312161  67.26293748  63.81280027  23.08751068  24.73644879  91.77796637  4.648278412  55.11106901  27.03099672  
50.92927546  21.71908178  28.3867218  47.5095367  46.38078577  41.4234168  30.15153874  27.23348341  8.605815485  108.2516669  79.8325467  72.63680526  1.729068139  19.40550222  5.702593244  12.95008762  3.921510327  11.39756112  10.48502843  146.3939773  17.33861602  50.55648502  47.20798417  9.310716728  37.53595739  123.1802368  18.46697856  7.265726612  22.16977717  91.744623  6.622052066  30.79255719  50.48703676  76.44542331  101.6796616  
38.48575192  112.3231798  64.11739828  37.50496211  148.4276841  18.08330152  37.55366941  133.0393121  115.5847141  0.004043987365  73.25893342  65.64147966  66.77840011  72.12106218  1.207241485  3.284566975  116.1204943  42.63986912  0.7667530826  83.68739713  8.989646111  47.54484037  0.4543200542  0.008890664523  9.429774344  7.71890974  12.4948939  17.10442576  37.89290759  7.485752444  69.46557852  1.982738207  13.72322741  25.31514379  17.02232306  
