6.711930874  6.411441409  9.588384564  -6.167852348  
6.283666035  6.002349753  18.63581708  -13.50468131  
5.50318286  5.256808381  7.210188753  -13.02890406  
5.496267733  5.25020284  11.72021221  -38.78806245  
5.479583245  5.234265308  31.09061841  -5.339352867  
4.574343765  4.369552903  9.947502279  -4.558509263  
4.290409366  4.098330092  26.02790943  -7.959777327  
3.630492439  3.467957283  64.4229785  -4.164118444  
3.137022342  2.996579572  10.93919816  -2.555396625  
2.800870358  2.675476927  3.764312939  -1.666603051  
2.798014147  2.672748588  25.02604632  -1.891711992  
2.685967163  2.565717886  32.77885943  -15.52297378  
2.674138395  2.554418685  11.38096372  -2.66971549  
2.595268487  2.47907974  10.11471352  -2.212569239  
2.575223993  2.459932627  15.33720106  -5.792583291  
2.498090846  2.386252689  6.046479484  -4.55331198  
2.474321925  2.363547889  5.527996308  -5.945389869  
2.26564617  2.164214433  3.379883067  -4.002080826  
2.245731157  2.145191005  8.435721345  -2.279494112  
2.177276396  2.079800925  5.832673354  -1.968540916  
2.154189674  2.057747784  4.79104859  -2.78479434  
2.119051531  2.024182756  10.05645632  -7.077152424  
2.066825413  1.974294773  5.888330848  -2.390300467  
1.974792961  1.886382563  5.268064084  -5.517579082  
1.966013468  1.877996123  3.341528327  -2.289750454  
1.807950329  1.727009384  2.905884295  -16.94196325  
1.786206445  1.706238962  1.054034778  -0.7930310169  
1.786030761  1.706071143  1.574554154  -1.003964375  
1.75694033  1.678283075  3.010833834  -2.208605867  
1.756698013  1.678051607  1.145964936  -0.6890520854  
1.729638115  1.652203165  2.127738007  -3.556613765  
1.644325927  1.570710357  2.029008789  -2.818933494  
1.607413912  1.535450873  1.324746204  -1.170303265  
1.483931053  1.417496274  0.9206604143  -1.045665504  
1.462544369  1.397067059  1.249241935  -2.421021699  
