-0.4902173569  0.2685085795  0.6456739496  -0.9141374613  0.03935360783  -0.2657757563  1.493701686  0.05861966426  -0.7791237919  1.597759552  0.3213479618  -0.5223607573  -0.6487105988  1.141644082  0.3819282575  0.002864356511  0.08519477242  -0.7330491839  0.4196744062  -1.095897187  0.5475348336  -0.03174426706  0.2042053015  -0.9952170057  0.3800089576  1.487829616  -0.906003683  0.9214964092  -0.733576639  -1.647902076  -0.2678855312  -0.9528257477  -0.1538908976  0.2481295026  -1.526634348  
1.206457189  -0.002112268016  -0.6946185535  0.1714950048  1.111007755  -0.4780806116  -0.9541765935  0.03918087573  0.0419088624  -1.627854424  0.279029622  0.6765109426  0.4027067532  0.6008813663  1.323829516  -0.2843306142  -0.1873211195  0.04861939104  0.902758706  -0.3707483547  -1.712099569  1.171258679  0.2579299563  -0.3441519543  -0.3892151201  -0.4943862222  -0.7885963711  -0.9633881436  0.4016310356  -1.348064026  -1.621437088  1.54133822  0.05132861376  0.5679073843  0.5501322746  
-0.4330391087  0.09180365227  0.3296595727  -0.09554472021  -1.200707738  0.469432735  1.060382916  -0.8712214352  0.1533366133  0.4486148157  0.2037820201  -0.8457746729  -0.102524462  -1.040918081  0.9622030339  -0.2213554638  -0.4831850613  0.1236855101  -0.7842120862  -0.1313266075  0.1904096936  0.9124910438  -0.6014773426  -0.9525948628  1.37734912  0.8678614065  -0.4942489555  -1.597631625  0.2777625677  -0.3747711084  0.3609848083  -0.7867510658  2.06295145  0.09349305433  -0.0004178996069  
-0.9829258634  -1.132049018  1.268227612  -0.1197127948  -0.3988104919  -0.1466975192  -0.4875034229  0.2789528834  0.7442058236  -0.8498430957  -2.205370832  0.3331279372  1.177593386  -0.4848236928  0.09970294973  2.323067632  1.047696831  1.333537496  -1.368778343  -0.4854479701  0.1210321696  -0.7941048099  -0.1117703945  1.63339277  0.3735421675  -0.2418449053  0.142547713  1.591192103  -1.66780357  -0.6794485506  -0.3550528514  0.3986300587  0.7437256695  -0.2299545595  1.493709442  
-0.6858409635  -1.061424351  1.189882257  -0.7254611582  -0.5263465086  -0.8270379168  -0.3355183303  0.9745127868  1.435356803  0.05412188821  -2.136193528  1.048204233  0.2341120195  -1.0889097  0.9468354563  0.9488692778  2.478187462  1.183484878  -0.9969456827  0.01994990803  0.4743692962  -1.341933411  1.22435115  1.06012849  -1.169062427  1.498267016  0.730854762  -0.1409834668  -0.6500465918  -0.5028213121  0.6769509474  0.7487996345  -1.466477042  -0.4522785798  0.3285809142  
-0.7438704931  0.3095207251  0.01278458488  0.8710557433  -0.6171489445  0.887145885  -1.381275196  -0.6806546606  0.4398299875  -0.08766734748  1.084384803  0.4234418096  0.3995281864  0.2111036878  -1.173776927  -0.3604049276  -0.1303407667  0.8685758887  -0.2288284444  0.7550211203  1.623661355  -0.02899920767  1.610201988  1.538050574  0.1601708263  -1.970164526  -0.2513081388  0.3824616037  -0.1716167581  2.091508197  0.2827311357  -0.5151096383  1.097915129  0.4654045925  -0.5772064183  
0.4313006246  -0.3918960206  -0.06257469368  -0.6336919031  0.3742450024  -0.5917097145  -0.1559801288  0.8549161785  0.5548208628  -0.3790947042  0.1080530777  1.192207239  -0.8799991614  -0.4386049092  -0.3734685507  -0.3915037805  0.5218110094  -0.0273662031  0.2737024856  -0.4691288395  0.8083272102  -0.6480389566  0.3311256096  -0.5290091582  -0.7862097776  -1.476431077  -0.7400735015  1.521706471  0.1471759735  0.2079277269  0.562227853  -0.06391028672  -0.3593832885  1.669264034  -1.578808804  
0.2134395879  -0.5232791376  0.4245040587  -0.6248650459  0.1992502085  -0.811345835  -0.1097713833  0.8109668738  0.2291382466  0.3265873796  0.3600210705  0.2048370647  -0.6943170856  1.282792225  -0.5137917718  -0.4416109962  -0.1172682002  -0.1875525372  0.3733031328  -0.9447511648  0.1645690519  -0.5597398563  -0.5855011572  -0.7762986733  -1.418406271  0.131894968  -1.046994779  -1.147422219  -1.257266326  0.1770915033  -0.5326764381  -1.190096661  -0.175130284  -0.1899950185  0.0578378471  
-0.3141573721  0.9974522016  -1.000715152  -0.3173956191  0.2050486517  -0.1416639601  0.1351394512  0.6093542118  0.5999517687  0.8333994902  0.3221257881  0.2849754585  -0.5445358365  0.7563917556  -0.3191102747  -0.2491223312  0.0998807993  -1.957645688  1.141112253  -0.6627390615  -2.24187161  0.6644016055  1.467059686  -0.1843332253  -0.8542760952  -0.31391436  -0.5803636059  -1.423927409  1.97498709  -0.428669677  -2.083032547  -0.04354619213  -0.1338614853  -0.08292725918  -0.2749218224  
0.2056743086  -0.728255054  0.02267249409  0.2656112407  -0.3179750311  -0.2904201109  -0.9178861465  -0.6501505654  0.4433026969  -1.283765636  -0.422363984  1.387873355  0.6767231014  -0.4716298862  -1.27530516  0.2924663093  0.02682953528  0.882657597  -0.5361747891  0.3108166006  0.5022381604  -0.5553817862  -1.383062095  -1.190373363  -0.8571116572  -1.607215861  1.106360456  -0.03711497679  -0.6412107484  0.9571057389  0.4515496483  0.3212284204  -1.342670357  -0.2098869675  -0.5099920359  
0.2295922598  -0.2553148537  0.2392261736  -0.7892740936  -0.0674950996  -0.3558459803  0.1671867533  0.9769352067  0.735996866  0.5574843237  0.7498167485  -0.3299428361  -0.81078752  0.256103518  -0.02047533639  -1.11262214  -2.016813248  -1.79835881  -0.4037375432  0.9164797371  -1.069533661  -0.202257328  1.554255856  2.671180665  -0.5865285124  -0.8627246815  0.1030148284  1.653514106  -1.035271072  -0.9566298011  1.213787923  -1.256783051  -0.2921785323  -0.121751437  -0.1247684531  
-0.4456124009  -0.2998767716  0.2894308038  0.02195963276  -0.9984252274  0.08923545211  0.3185965717  -1.09701904  -1.285472544  0.5292922324  -0.4921317758  -0.1551249794  0.4539995856  0.4238375879  -0.2290004125  0.1593686031  -0.7985078777  -0.02012937892  -0.5570513441  -0.2383316739  0.1780209798  0.4044546516  -0.7792904548  -0.6647697043  1.131919879  -1.404233888  0.575302365  1.084374832  0.3137428054  0.5709010886  0.9526711268  -0.3677777498  0.4744750823  -0.130439463  1.694913779  
1.138558667  0.1369963449  -1.158602163  1.34944695  1.606046385  0.6812958991  0.1661460629  -1.486481709  1.631261825  -0.1252290123  1.007950662  -1.828291227  1.58268207  -0.9396530957  -0.9460905104  0.8898879563  -0.3400150991  1.01499773  0.7768994024  0.7207765682  0.7103749741  0.163012859  -2.196044127  0.3397060939  -0.9272113235  1.27931709  1.259841841  -0.02848016711  0.9145250206  -0.1064759704  0.3402827189  1.466484272  -0.03203891244  -1.798536397  -0.04936329294  
0.216625654  -0.149052295  -0.3871744373  1.066460028  0.5429261551  -0.702286981  -2.492438401  0.5159915488  0.4503302322  -1.123588487  1.493660495  -0.3729641177  0.0587710628  -1.393384598  3.114205529  -0.8971493433  -0.3569023565  0.7380037464  0.6250245973  2.083337834  -1.480971972  -0.1426534226  -0.6731798356  -2.039250792  0.8654668157  -0.8899210873  -0.1690184704  -0.9277140124  -0.7638495444  -1.177704647  -2.328903245  0.416913433  -2.146509597  -1.234746777  -0.3240456031  
-0.8843360567  -0.3855337386  1.120895979  -1.380505175  -0.1477506497  -0.7815084412  0.3579014302  1.089182687  -1.308076923  0.5042084347  -1.335369605  -0.8299566631  -0.4296559798  0.6980844894  0.8048314039  0.8239799847  -0.4575334418  -2.475178236  0.01310011084  -0.8357930588  0.04254905348  -1.062076697  -0.2517738916  1.521398857  -0.1096514222  1.075057712  -1.527216395  -0.6905225978  -0.9233958752  1.223278667  1.896106538  -0.8812551293  -0.3025391456  0.563690061  -0.7295835374  
-0.1145334512  -0.8029665422  0.4963396113  0.254423981  -0.4460228328  -0.368438668  -0.8909458358  -1.056347087  -0.2159713306  -0.4040011746  -0.2441402958  0.380951739  0.694810327  1.129700532  -1.337050677  0.003133604779  -0.5856245969  1.21565427  0.02981452036  -0.2677724362  0.5996309467  -0.8668580225  -0.6689952743  -1.194959949  -0.3669349093  0.2430298951  0.8335470158  -1.143132103  -0.4379245592  0.4361607902  -0.4072677416  -0.3358812234  -1.150415603  0.04334094535  1.289143323  
-1.132081273  0.3212924012  0.4815500709  -0.6752366747  -0.4893716614  0.4041500764  0.2596201602  -1.029537189  -1.808722851  -0.7252133621  -0.307913639  -1.810995678  -3.548260864  -0.6416591758  -0.4672078927  -0.2653018502  0.03483518686  -0.2223932866  -2.911344773  0.7971057929  1.872382044  1.261145311  0.2961122996  0.9217447154  -0.8309413702  1.580999278  1.989219377  1.429163273  0.2321350482  1.029976401  0.8324999552  0.7561827898  -0.04639270248  0.7275604948  1.46321376  
1.831799704  2.152375448  -1.46891884  1.953839077  2.0957465  1.078125021  1.565351525  2.377746361  -0.6379473391  0.2982230832  -1.544893978  -0.1366820268  -1.072341931  0.1887074666  -0.174002334  0.3724517259  0.7702564786  -0.8825982575  1.041162015  -1.676310172  0.2027578934  1.754334229  -0.6688388174  -0.6678334645  -0.6060917625  0.1340212507  -1.603199333  -0.06924200078  -1.00534437  1.560054746  -0.47129  -1.264702282  0.270972394  -1.646805674  -0.9485424032  
0.8976116509  0.1051690125  -0.9068623277  2.086941988  0.810426064  -0.7915095798  0.05842131832  0.7580948821  -1.214446293  -0.9102080441  0.4546746711  0.5204464561  1.307247692  -1.532739959  1.36299426  -0.2000679236  0.8165767473  0.5982470053  0.8843829767  -0.6770956545  1.228613957  -0.2164469037  -2.03943209  0.5218594216  -1.438049077  0.7568564953  0.8149644809  -1.056445555  1.05554721  -2.02272409  0.07242781749  -1.086893491  0.3356181482  -0.946540634  0.5077607196  
-0.4650239439  0.2465506339  -0.07371463026  -0.001722448015  -0.8083146882  1.225190702  1.14402702  -0.9427504683  -0.4455968897  0.5825113741  1.19828471  -0.007151772336  0.05034600254  -0.2919210976  0.1223229058  0.5129281359  -1.243611273  0.9212170942  0.3488488962  0.4454717353  0.3348045031  0.3181289126  1.077350348  0.1947908808  0.9768171031  -0.2258011296  -0.2851115666  -0.8986077008  0.7980111188  0.4780504267  -1.035202432  1.635351009  0.3095284236  1.228868059  0.2968454846  
-0.5307235263  0.232827948  0.1636262605  -0.5462572585  -0.3906957352  0.2701858883  1.210486158  0.02448579774  -0.9630708922  1.203847405  0.691505252  0.2500065181  -0.8530028749  0.323465179  -0.2242345443  -1.243947559  0.4253135448  -0.3555180095  -0.5438656354  -0.2195560077  0.8061260264  -0.1058312477  2.31025221  0.8509138702  0.5931407182  -2.351281144  -0.4571446826  0.1139313867  1.21984551  0.7966646661  0.8444678042  0.1797526049  -1.72845929  0.9238012737  -0.1315625235  
1.206894161  1.191905447  -1.899133663  0.9167469378  0.6649203858  2.262660187  0.8566046158  0.02984718348  0.3948206122  1.525602984  -0.2560961759  -0.05429281782  -0.7498573182  1.016967787  -0.1533037546  1.458316111  0.8724010501  0.7150036085  1.505592163  0.05253610983  -0.1096439796  1.558952251  0.6151194384  -0.1038855711  1.560146299  2.121604213  1.211944868  1.421624115  0.6925520303  0.9830136291  2.082681348  -0.9359721442  -0.5348821335  -0.01416401021  -0.4866859035  
0.668586018  0.2818891213  -0.7605683758  0.2649473926  -0.3916231669  0.4672950805  -0.2611737435  -1.068142111  0.3274801572  -1.21905124  0.6471975365  -0.5985908721  1.255531622  0.5202751573  -1.952397567  -0.1013950842  1.265982046  0.3097703932  0.3869008797  2.270029773  -0.468059953  -0.8550803164  -2.064235438  0.80389359  0.8117991755  -0.5478177671  1.687831987  0.8962579141  -0.754790059  -0.834814312  -0.6528382834  2.183138804  0.9962614165  -0.8152412686  -1.261734811  
-0.07188767398  0.5928777558  -0.7420690879  -0.2040845119  -0.5662631656  1.40324844  0.439968772  -1.275097711  -0.405490474  0.6363816506  0.4543330696  -0.09598650385  0.01627753802  0.5967631001  -0.6509400766  0.03324338775  0.3639212738  -0.3325873822  0.8855331086  0.5612616699  -1.568078764  -0.6464318334  0.1814455393  1.149588545  -0.2011031569  -0.7666226037  0.3032126409  -0.0005488436843  0.9991503223  -1.065708039  -1.719108012  0.3551730412  1.443023096  0.8059921728  0.6562663335  
-1.093378539  -0.4566817321  0.8074523178  -0.3081239374  -0.8403493734  0.08694975317  -0.09691584942  -1.578459203  -2.108930307  0.1743572707  -1.52298155  1.057812582  0.3130782453  -1.292279519  0.1178138141  0.1533692833  -0.06027313112  -0.4883972687  -0.0491942133  0.6273722273  0.7749823854  0.2144149237  0.5072909092  0.2050219234  0.7868021803  -0.3107241453  1.722634415  -0.1628635058  -1.239535102  2.29712921  1.156488644  -0.2444568683  1.098751441  0.6085101511  0.5064479048  
-0.8170922016  -0.6357792148  0.7812008311  -0.172393264  -1.006612091  -0.5836658205  -0.3855879217  -1.045895618  -1.651072842  -0.3071612322  -1.026110392  -1.445120525  0.4330880585  -0.365530397  -0.3288570126  -0.4111887915  -0.8248129194  0.7750611886  -1.911524491  -0.1101875701  1.308573807  0.1033331553  0.1246070524  0.5855340931  1.525782613  1.08803345  1.022339621  0.6367698729  0.4043008741  1.966994997  -0.298502228  0.9763788601  0.1065706048  0.6030787667  0.4605441501  
-0.1870286913  -0.6608756362  0.5982384988  -1.789792929  0.2058278028  -1.053474079  0.06512334999  1.283119996  -0.3549587126  0.9711002726  -0.8523196122  1.029870025  -0.08068722955  -1.654557578  -0.6659916817  -0.8071613382  0.4991475218  -1.176404942  -1.176614188  1.881450623  -0.608813989  -0.3609935893  1.138420533  0.7726368579  -1.58399276  0.5356587353  -1.591523106  0.8826893598  1.844325516  1.218758276  0.1718183933  -1.502244364  0.002949170378  0.2762866442  -0.1345286143  
-1.11892356  -0.879546705  1.238529187  -0.127106299  -0.8818295179  -0.5164561796  -0.2226874015  -0.7595717515  -1.009523938  -0.1216478321  -1.278749622  0.5422727712  1.236139673  0.2921466924  0.8934721633  1.463945931  -0.3038086444  0.4346443452  -0.7884459544  -0.4281704158  0.5436571225  -2.10926886  0.4104980453  -0.3833453043  0.8326196033  1.181541931  1.145513745  0.0155698629  -0.4393957181  0.2436198769  0.315805228  0.4302706566  1.457297699  -1.875734897  1.46253731  
0.4035960969  -0.4683610268  -0.4870352445  0.9535505977  -0.2554900288  -0.4595651832  -2.142168188  -0.9284678574  0.9325716833  -2.24770816  0.07178637457  1.076265235  1.378659028  0.6821565579  -0.1193397289  0.5675669067  -1.670312637  0.2997128629  1.09850444  0.8740160105  -0.03374041641  1.668190399  -1.937545705  -0.370307734  0.6366287796  -0.8385494623  0.7288055529  -0.3189467145  1.634168337  -0.9901670521  -0.9819829408  -0.3755401428  -0.8249523312  -0.4767687346  1.65138411  
-0.2501603395  -0.05752783997  0.410495163  -1.099096107  -0.4197465314  -0.5390249211  0.9217584294  0.578372787  1.229932811  1.140462425  0.6812680138  -1.798816016  -1.000120324  -0.9122438542  0.7563935789  -1.651773015  0.2871450345  -0.5142241584  -0.7915280282  0.01246270721  -1.425148208  0.3387663728  -0.3908933748  -0.5304637918  0.5358907643  -0.1936535964  -1.515073563  -2.763886327  -0.1313146641  -1.973064147  0.9775517891  -0.2800773657  -0.1039084436  0.7016523138  -1.092231728  
-0.03447504071  0.8878456287  -1.280589347  -1.041491424  1.761694841  0.438944051  2.951037323  1.696037877  1.123392212  -0.7956790833  0.7783127197  0.155957249  -0.5557518864  1.668701024  -0.4121133051  -3.035741304  1.506966725  -1.462896295  0.213180834  -0.6325331373  -2.106798781  0.9222155511  0.9655969782  -0.4798215088  0.1398922159  0.7331104458  -0.8717305934  0.7577826406  -0.4353983064  0.678012728  1.112902694  -0.8476622465  0.5510337541  1.04390289  -0.4394014642  
-0.3616040532  -0.3454661999  0.3804170994  0.1475420416  -1.050470186  -0.137355548  0.03338645433  -0.981935569  -0.5000761427  0.2723171522  0.1047827158  -1.47454531  -0.007559123431  -0.5666154643  -0.2494867844  -0.614862043  -1.604514756  -0.6140864827  -0.6231936017  0.3934880346  -2.32474515  -1.050676718  1.125442207  -0.1842529755  0.6163772503  -1.672660953  0.5549555344  1.923414617  0.08687239205  -0.2997481843  0.440306977  0.7504364446  -0.3489874302  -0.7129022149  1.247009062  
0.1187092989  -1.058710802  0.7751902239  -0.5100614452  0.2177910455  -1.200889328  -0.8608369766  0.5464231976  1.084456457  -0.5790882787  -0.1797730692  1.095553571  -0.2712862394  0.3080574077  -0.2125653291  -0.08713128975  0.2280815637  0.5698895003  -0.3369712831  -0.9409047809  0.797846656  -1.325760674  0.2328809979  -0.6711473142  -1.628087293  0.8582342347  -0.853707747  -0.9785462982  -1.546352299  -1.69757265  -1.912478691  -0.2530569175  0.7775106346  -0.2405118998  -1.097780035  
-0.311217112  0.3146518255  -0.03814850657  -1.009558519  -0.1044504025  0.1230294331  2.161282289  0.7222674315  0.1944948817  0.6392083933  1.413791645  0.3161586008  -0.9311264154  -0.4532708267  -0.3340939543  0.3583735126  -0.2269617094  -0.6570255184  0.2096097953  -0.4739150785  -0.06375850036  0.2267729963  2.030084622  -0.5111595317  0.4075108491  0.2544585516  -0.3599976214  -1.130636081  1.133007335  -0.7577026536  0.02852283259  1.106380689  -2.632223407  0.6627974312  -0.1649595486  
-1.12271044  0.1159451856  0.3719797999  -0.09848439814  -0.7325055749  -0.5339004101  -0.0561920028  -0.1946698976  -0.9328639972  1.937669521  0.4304202539  -0.301588253  -0.1801298782  1.055640051  0.4326002489  -0.2649700464  -0.4245475995  -1.211655765  0.2381432444  -0.7913451838  0.1681010818  1.441293032  -0.195863674  -1.012455328  -0.8295900686  -2.274285229  -0.9933577808  0.2132232566  0.04669786174  -0.303429766  -0.112905811  -0.4698726182  0.2007695615  -0.2849900667  -0.1756235275  
1.378949486  0.06440325329  -0.4752447987  0.1865423445  0.4182955022  -0.204782995  -0.8340447488  0.9682182467  -0.6500772908  -2.603694536  1.456384655  0.298355984  1.37606292  0.5023201547  1.912028094  -1.553487369  1.525914023  0.6838733444  0.06875093854  0.242990046  -0.2370365117  0.3433285898  -1.396432133  0.426416922  -0.7125177341  -0.6089939394  0.4055457913  0.6915425319  2.246191343  -0.00919976015  0.3666005056  0.9598546451  0.997112144  -2.076704357  -1.424328532  
3.239257593  4.238112605  -1.01895085  2.416406738  3.640520208  2.827969573  0.9465735867  1.163732731  1.218806886  0.8689443052  -0.5318855137  0.2377747941  -0.2294977822  2.462374001  -1.918993229  1.365669387  -0.4604289138  0.6168932639  1.975647494  0.2830178138  -0.09914316643  1.460823907  -1.879381892  -0.5746933291  2.477315006  0.07917301416  0.8727532904  0.7035144446  2.008902022  0.6107178324  1.541556622  0.2172267451  2.427919948  2.765148797  0.6879641868  
0.0952042539  -0.4732714307  -0.1232375798  0.5131462322  -0.8530044593  0.1379407791  -0.4013061056  -0.8677911781  0.6088832452  -1.609249773  0.7693671248  0.2680998072  0.7914667896  -0.856451974  -1.09057422  0.1668361666  -2.148628037  0.8515540979  0.2632422806  2.512308669  -0.1509894513  -0.8221362632  -0.2492476738  -0.2513011677  2.21385258  0.2443891058  -0.8794137534  -0.5620306325  0.3125063084  -1.151072263  -1.344962339  1.756710288  -0.808439625  -0.9320685522  -0.5616939364  
0.8098729482  1.303305094  -1.779788576  0.8098119068  0.9325503113  1.702712711  0.3613421682  0.9005556838  0.7116496882  2.101649618  0.4135345496  0.2261070947  -0.5856319477  0.5977233332  -0.2516659494  0.5006420761  2.586582617  -1.118352345  0.4954565493  -1.227362768  0.7534758557  1.700119011  0.1231697288  -1.28751759  1.082916968  1.271063654  -0.8726803101  0.738889473  0.1864023895  -0.1195200102  1.076346008  -0.9379073638  -1.712875  0.6354554859  -2.294646328  
0.3603095576  -0.8222204755  0.5291412435  0.00284957854  -0.3269134926  -0.3712160732  -1.15997543  -0.6733691552  1.411521389  -1.500269607  0.6130999438  -1.259783068  -0.1885197506  -1.389007307  -0.3526306657  -1.14232138  -0.1001719749  0.7007854969  0.01045607787  -0.4691152772  -1.913448716  -1.767391468  0.2752643789  -1.114889452  -1.835885595  -0.2753376545  -0.9032430386  -0.8492282048  0.2156584451  -0.2520511675  0.2950452234  0.8669314054  -0.1613555645  -0.1578109572  0.1767343066  
-1.834676282  -0.07241744809  1.193865779  -0.1627563849  -0.5670048171  -0.5904778222  -0.4340478943  -0.7692514349  -1.039770247  1.092001384  -0.7892293876  0.3083834592  0.5304440089  0.1999887711  2.210704003  1.455671603  0.196050379  -0.2948590033  -0.4298000659  -1.325804868  0.515743051  -0.3874324123  1.026969764  0.08076147062  -0.3538943869  0.371432874  -0.1887182152  0.9191842103  -0.2329161196  -0.9356719087  -0.0184069233  -0.1935104112  2.353316033  -0.8669453841  -0.7959923034  
-0.3206740268  -1.27830667  0.7131882512  -0.191202565  -0.3654147235  -0.9744044336  -1.495358224  -0.0903464267  0.4387885235  -1.058548601  -0.3615714279  0.2769335193  1.187692991  -0.6725140956  -1.2780111  -0.9455990073  -0.6887891719  1.245937048  -0.6746143996  -0.7271596363  0.2319509115  -0.9555636639  -0.1573244212  -0.1395977258  -0.04726536613  1.299960341  0.641797106  -0.6445104105  -0.1548732252  -0.7795413011  -0.7311367593  -0.8648658171  -1.00713833  1.188915471  -0.4619828404  
-0.5561774186  -1.317228075  1.100069335  -0.6090836661  -0.4516928682  -0.7498871979  -1.639131463  0.7168587104  0.6767736144  -0.4053996025  -0.4982604555  0.868703187  1.279817989  0.2619554094  -0.05207632026  0.6986971489  -0.381668969  -0.1720709249  -0.7040320903  -0.3745677926  0.7890817878  -2.359030949  -0.4703251253  0.2292369581  -1.370515472  1.263521023  0.3814401192  -1.530258087  -1.318225992  -0.07724813196  0.9709175637  0.9696735001  -0.6139782097  -0.967161631  0.9443287589  
0.4444156999  0.6794757604  -1.36686959  1.016890565  -0.4179174251  1.174877826  0.2889351449  -1.271584851  0.9764270218  1.693606815  0.848068596  -1.047201101  0.09715563484  1.385211877  0.8122818867  -0.211538852  -0.06824893881  -0.6144195503  0.3267252302  1.489330119  -0.1435433041  -0.4411410908  -1.449145437  0.7485025603  0.01525306219  1.069490937  1.173070154  1.401712332  0.16956139  1.982459777  -1.55798653  1.317029916  0.7407190452  2.348463121  1.655332061  
0.514169381  -0.6809971665  -0.1553327998  -0.4459681192  0.3792617191  -1.107577861  -0.8515956899  0.7665871417  1.573944196  -1.271908739  1.24916361  1.245625523  -0.6994180377  -1.635380873  1.484519865  0.4253894008  -0.4758024968  0.540212502  -0.2068106501  -0.9279389327  0.6793557052  -0.9240496555  0.5835753043  -1.316554774  -0.4736052751  -0.2810604756  -0.759423423  0.4189228272  -0.5919980126  -1.001845868  -1.039683985  1.040142924  -0.2365937213  1.117483312  -0.2063793829  
-0.7239480411  -0.7613699779  0.6912765534  -1.700196688  -0.1864116787  -1.190910616  -0.4296148594  1.560851583  -0.9808264725  0.687566707  -0.4681618718  0.5325564096  -0.342211479  -1.982966682  -0.4261265954  -0.2777816365  -0.3010619379  0.0560205781  -0.8151208377  -0.880039459  -0.5661667159  -1.184113576  -1.085921991  0.802856832  -1.161693145  -0.9253961717  -0.1165134269  0.03347449448  -1.29698188  1.373486263  0.1628776844  -0.3987520687  -0.05091383081  -0.5172718622  0.08415451501  
1.46236951  0.8420554355  -2.009039723  1.926400773  1.133131853  0.9210629276  -0.7918186502  -1.010463893  0.8917785778  -0.8115035375  -0.4761626571  0.2903049496  0.1998582966  0.7088348179  -0.8392114056  2.165306681  -0.5458245998  2.685200161  0.9312844267  1.99007758  -0.7679975868  0.8049245536  -0.06432644019  0.8614668463  0.1595741381  1.269964671  -0.7955128933  0.1500388532  1.037092882  -0.03217337918  1.949600922  -0.285518251  0.2918151203  -0.8447805133  -0.428412642  
2.415329236  2.986224292  -1.11833725  1.588910192  2.633448757  2.591737121  1.287262714  1.257749157  0.8105982842  0.9099900787  -0.752745098  -0.03558466612  -0.5883808818  1.695547585  -0.8123544641  0.7474907422  0.2150065907  -0.8607230149  0.9439221788  -1.740187779  -0.05152523325  2.095717566  -0.3779446071  -0.9906068478  1.139245874  -0.01627257469  -0.04009856193  0.4723775934  0.2037593016  0.3742510298  0.06023940027  -0.9611296211  0.3096369473  0.03742392721  -1.461921437  
-0.1538946961  -0.2875547355  0.1449142932  0.03868653377  -1.26114152  0.4388963849  0.1065958369  -0.7550625278  0.008901098887  -0.4595687354  1.238557429  -1.262379962  0.3821876189  0.6721315074  -0.09474959767  0.6267025162  -1.139812033  0.06794262822  1.107516935  0.510098269  0.5677662369  2.054067526  -0.4821782206  -0.1212371503  1.39637967  -0.2528859394  0.06264615026  -0.2012072193  1.079445744  0.484298399  -0.4186036287  1.03123668  1.230980895  -0.6287512266  1.583378049  
-0.8411486023  -0.8400847321  0.88830166  -0.2430837741  -1.150275788  -0.6356838506  -0.1724429901  -1.346579095  -1.125008182  0.3468284701  -0.3739188836  0.4229532629  0.2782165829  0.3304550409  0.2611797557  0.4956604122  -1.255386706  0.9659386277  -0.2636599442  -0.1273481561  -0.6865780808  0.3533764396  -0.2122845525  0.2524517281  1.104704905  -0.06805137106  1.373698333  -0.4405379079  -0.3254334158  1.00736628  -0.9890326388  -0.5320229551  0.9414399245  -0.446442679  0.4104531565  
-1.343556707  0.07517322207  0.9098849069  -1.081054362  -0.4245983353  0.03106740946  0.7498297759  -0.9273460989  -2.113785483  0.728486356  -0.1948650827  0.6876879152  -0.4464574768  -1.106180142  0.9612812865  -1.036966297  -0.07761875829  -0.7249370053  -0.2051428166  -0.3483846129  0.900006971  -0.2029632679  0.7208608098  0.1639481944  -0.4734503602  -0.6435898467  0.6527639975  -0.5627165048  -1.73604493  1.234335689  1.613421748  -0.4119033554  -0.6393834893  0.2532386466  0.02883298915  
-1.053210723  -0.2768832937  1.01949201  -0.6230721736  -0.8256402849  -0.1594884614  0.4739785222  -0.8439527377  -1.275757346  0.8047288545  0.4870870433  0.03511197788  -0.3913664753  0.4942646361  0.7110006226  0.04909709182  -0.1784151045  -0.1695020677  0.3996188462  -0.7960591675  -0.7535818669  0.5543908805  0.06821827832  0.3997714586  0.3036321861  0.5623420112  -0.03584846435  -0.7533364019  -1.191447568  1.008732097  -0.5327398868  -1.4376205  -0.007295826611  0.09108076524  -1.399255106  
1.388082958  1.356474541  -1.695435838  2.509910859  0.7404932895  0.7007111449  -0.4481880326  0.5845808678  -0.8878840805  -0.9378118819  -1.949456962  0.3257048227  0.8841844183  -0.5870598028  -0.2419057499  -0.8187537223  -0.3956202052  2.105866767  1.838764866  -0.4120933786  1.986830688  1.459153831  -1.761773165  -0.09887924442  -0.7573164769  0.5447345722  -0.05525111706  0.1869068028  0.5264667781  -1.0506023  0.6155660887  -0.975464715  -1.223802917  0.1256622753  1.030582126  
0.3516523817  -0.1570805955  0.141207564  -0.9166455714  0.4159159199  -0.989009372  0.6379985682  1.519908307  1.341968274  -0.3259072651  2.045445277  -1.664214616  -1.826381917  -1.114960072  -0.3130109308  -1.004984475  1.31735729  -1.284816747  1.757705159  0.7925464137  -1.528491049  -0.6941713555  1.016440314  -1.365453633  0.262583081  0.5523655918  -1.90904145  -0.6362403778  -0.06948351009  -0.2860333272  -1.530188425  -1.012761773  0.1553735393  -0.5325580062  0.283302647  
1.542655829  0.8010717926  -1.537062421  0.2323530563  2.054250357  -0.2220275151  0.312133882  1.261401386  0.5161872131  0.9798221616  0.8725841397  0.5036408159  -0.3920220941  0.08871042701  0.07492177874  -0.9389510242  2.95033665  -1.505187369  0.03900024046  -1.784759518  0.7432308969  0.3570426035  0.3949975592  -0.09806857115  1.463489349  0.2389524656  -2.017746634  -1.208460384  -1.231314533  -0.9328802973  0.6522137244  -0.403409388  -0.2537769835  -0.3199905134  0.7177365866  
-0.2706040212  0.3291534035  0.2441830116  -0.7961518372  -0.4035418845  1.101650262  1.526607139  -0.03434413377  0.08306061659  0.4108115653  2.18239497  -2.158842759  -0.6527661455  0.1212452571  -0.087092832  -0.2557110848  0.7109154805  -0.636808395  1.584785779  0.4860592997  0.1556312922  1.61387073  1.298689386  -0.9834031774  0.0484316276  0.3884447911  -0.1360568273  -1.098949998  -0.3367862495  -1.033189231  -0.9246532223  -0.04963680642  0.3017796816  0.5269904276  1.542570658  
-0.4365637647  -0.8266828484  0.8434215684  -1.305863436  -0.2569013099  -1.39126134  -0.3985426449  1.272521397  0.04101984723  0.9768758426  0.6676675056  0.2509805577  -0.5148066267  -0.1848100277  -0.2672376141  -0.6677444312  -0.1129974812  0.07255825334  0.1283349461  -1.050836917  -0.8760314984  -0.6097115308  -0.2602862663  0.2698442442  -0.3636681855  1.019812879  -1.195708093  -1.090072278  -1.023194765  0.3697662159  -0.7843903127  -1.267283357  -0.8257036521  -0.6236776288  -0.9994590104  
1.129861265  1.513418819  -1.880246973  0.9821535145  1.878882684  0.6935897773  0.05245614892  1.802508088  1.053383296  1.014310744  -0.1934536641  -2.219288756  -1.419583024  1.528097892  0.2814293752  0.586323847  1.098937299  -1.471436362  0.3190993619  0.9922444608  -0.2266888259  0.5230841642  0.5819983185  -1.555885892  -0.01902383405  -1.523379584  -0.3120694203  -1.209831193  1.397619131  -0.9073529495  -0.3389838664  -2.284851371  0.7426381053  -0.2449912518  -1.685233327  
-0.9664204325  -1.085653277  1.396715765  -1.427231901  -0.4148919252  -1.450057586  -0.2052748952  1.532164001  0.5739875508  0.5027699411  -1.027736671  0.40419213  0.3853171278  -0.2528061752  1.242553361  1.231347521  0.1787571437  0.3495842802  -0.6947672161  -0.9895435523  0.07567606452  -0.7967352422  0.5816658596  1.609716456  -0.9184841092  0.6504872699  -1.327632364  1.219785766  -1.313826288  -1.192538849  -0.04554011949  1.074854262  1.113025431  -0.2970597953  0.4908640234  
-0.2394626842  -1.478710357  0.8124539291  0.1615049692  -0.8064914349  -1.250031194  -1.697680468  -0.8856558154  0.8736005311  -0.8890797316  -0.2521369207  1.455787723  1.358421278  -0.1320984859  -1.169779177  0.2193942888  -0.9370858417  1.372237893  -1.447306916  -0.3037127039  -0.09562098692  -0.3499455125  -0.1988118892  -0.6298669986  -0.9183257562  -0.1804048536  1.75245692  -1.686199057  -1.075749846  -0.344343258  -2.153200509  0.6050649891  -0.5874907235  -1.790696843  0.1367682243  
-1.297909666  -0.3456399432  1.082512135  -0.816693383  -0.8550770764  -0.5730981859  0.05756456253  -1.002555631  -2.294736581  -0.5037629401  -1.020265051  -0.6153851016  0.5498773493  0.07277850193  0.7794870554  0.7952877045  -1.158086768  -1.738348403  -0.2496302831  -1.19103313  -0.2217864334  -0.3858169385  0.08990125339  0.9374881015  0.2453888312  -0.968544378  -0.01922864407  0.8623822804  0.3991871876  1.311361068  1.225322164  -0.950210979  0.08384472982  1.306109241  -0.7133643895  
-0.7432650948  -0.4303730098  0.8378706346  -0.2497331892  -0.8478834156  -0.2464881318  0.09952615722  -1.378705819  -1.194126921  0.8885350839  0.8619279067  0.190795874  0.4012527651  1.399507451  0.1679799768  -0.3700634815  -0.8134729957  0.3732040918  0.5028116834  -0.7511895698  0.6113452311  -0.3148218628  0.06965285068  -0.4917204449  0.6714986968  -0.6764868855  0.2813786948  0.6826116196  -0.4358764957  0.3469778079  -0.3102010452  0.4994431486  0.1498609994  -0.02403714247  0.8559466308  
-0.2317529726  -1.425101835  0.6842749454  -0.2819072761  -0.5440203129  -0.9078927411  -1.974216883  -0.4391163901  0.2072735311  -0.9711393519  -0.9615064514  2.054877325  1.591903065  -1.963392316  -1.595078685  -0.006104826121  -0.2619391736  -0.1644163213  -0.5707326415  1.402098493  0.3191946663  0.3590570922  0.667897224  0.009500583967  -1.027964942  0.2375585998  1.892959468  0.8381203511  -0.2235526309  0.3525404702  0.3703429195  1.755144555  0.1445769928  2.188452054  -2.230860968  
-0.8446767798  -0.13883902  0.8609678191  -1.538830047  -0.6195540425  0.155168591  1.038888241  -0.6260384503  -1.22905641  0.1701525697  0.06433281642  -0.4400288531  0.03619741047  -1.24719835  -0.03315966586  -0.9541873907  0.1523266299  -1.254850734  -3.239014173  1.987556035  0.6317808971  -0.4821831418  1.171676555  0.2180912747  -1.586229604  0.4294282763  -1.546365781  1.48144237  -1.057322994  0.9019421374  -0.3586601794  -1.431926853  -2.437849338  0.4881489144  0.3894205387  
1.68558927  1.448657386  -1.933648295  1.681224794  1.144364651  1.319603897  -0.17658615  -0.1906904101  0.3033701159  0.16787981  -1.861405739  -1.484436526  0.07822275518  0.383995874  -1.062713221  -1.260066551  -0.6192542655  1.027941393  1.984869031  0.3102933403  2.204998827  0.9210588465  -1.433403326  -0.8036020712  0.9465365294  -0.06753342778  0.04645985727  0.5702518191  1.235087641  0.5595161222  0.8555771929  1.142727946  0.1620318695  -2.072326079  -0.006537841841  
-1.418851828  -0.8553402554  1.562857002  -0.2187625161  -1.010379235  -0.6387481442  0.2293511034  -1.125010964  -0.01672163336  -0.7079026946  -1.251887013  0.8177811441  0.4795227707  -0.07992270115  1.853463434  2.147509856  1.492308956  0.6959025374  -0.7995582482  -0.7754882211  0.4817860621  -0.884604512  0.853687513  2.603698526  0.9294005661  -1.323092755  0.2482440208  1.796677589  -0.2200071884  0.3420420062  -0.1157272333  -0.2200056952  0.5650121922  -0.4294620049  0.5102396959  
1.601300092  1.236520427  -1.638317463  0.7577949741  1.650759303  2.172406569  1.392663787  0.5543826744  0.5002743671  0.9324713003  -0.7506282804  -2.531523737  -0.84231079  1.194894306  0.1317091117  -0.9611705906  -0.2114500839  -0.3373539148  1.017696691  0.54494802  1.146168277  -0.007479538073  -0.09586643376  -0.4919741105  0.4864559093  -0.8755519404  1.178781217  -0.6112219768  1.2411884  -0.3074498353  0.2208596042  -0.7766001815  0.3908417079  -0.2456248575  -1.362502416  
0.05822776828  -0.8516797606  0.09077053789  0.1428244788  -1.092014245  -0.7589082386  -0.8073549793  -0.854592515  1.84736417  -1.61150472  0.9701648465  1.987649635  0.7706430886  -1.547987423  -0.5083694816  0.05955043623  -1.251176673  0.672670062  -0.4054750803  0.2804577846  0.5899252727  -1.04686897  -0.6727058505  -1.268110127  1.028638323  0.4870252677  1.1986176  -0.8021295855  -0.1680157679  -0.6331495986  -0.2051167311  -0.1917537258  0.0004279294823  -1.534571411  1.322228895  
1.298623814  0.7213935374  -1.619259638  2.010837097  0.6790659802  -0.2929830997  -0.2198572835  1.212867669  -0.439513289  -0.7743238189  -0.03287133328  -0.6892215024  0.3869949798  0.4965806912  0.8135655638  1.291998095  0.136364315  1.157934445  0.4566045169  1.761004817  -1.407545305  0.2348474093  0.0744980262  -0.7781542067  -2.090330214  -0.1841585412  -0.367029318  -0.6014147611  -1.044076828  -0.9559040901  0.880286262  0.5330580145  0.6990815653  0.4333610368  0.1792643179  
-0.9828838278  -1.011215393  0.8027143702  -0.661841832  -0.9775134721  -0.5535115788  -1.148935788  -0.773107245  -1.214468721  -0.858677039  -0.8760230645  0.4711478965  1.66941016  -1.126692909  -1.209903206  0.3973634325  -1.135081033  0.7937427851  -1.340238179  -0.7585789931  -0.6299718365  -1.186704368  -0.5661282079  0.2156794023  0.2203483213  -1.716993655  1.453706209  0.5981849477  0.2645941856  0.3863807419  0.3395776087  -0.7646151918  -0.4482989292  1.386011894  0.8463764126  
-1.389868672  -0.65187388  1.523410156  -1.237390731  -0.8206497913  -1.445232071  0.6094789961  0.4131513008  0.6072830382  0.3680169153  -1.04430321  0.7569104699  -0.1502833397  -0.1583575543  2.221082959  1.61009562  1.909950674  -0.1292190737  -0.7152395948  -0.7668317655  0.1890842684  -0.4584757213  0.9151563484  2.965445038  -0.3740402158  0.1113564456  -0.07103754913  0.3424680519  -0.1902191551  0.217563921  0.4746372817  0.4032196608  -1.642919376  -0.4978279639  -1.306079939  
-0.304330561  0.5201819093  -0.8099732007  0.3891974184  0.6021132438  2.424047477  1.499722081  -0.2010807328  0.05964344545  0.2084555206  1.876573174  1.121536613  -3.755851855  1.856491523  -1.501073553  -2.352794784  0.7493409725  -1.474394126  -0.7499876621  0.8733829405  -2.004185042  1.207589826  -0.8171588949  0.5824297819  -0.840837266  1.110686553  -0.9659209513  0.4147245461  2.371338397  -0.6108009365  -0.2639765292  2.567387946  0.6505993094  1.389311376  1.42463798  
