8.657525541  7.963893208  17.95452392  -42.48252027  
7.58288898  6.975355459  18.31072598  -38.11283739  
6.317054162  5.810938067  13.09410435  -4.444761812  
5.982981243  5.503630739  43.34287978  -6.127602323  
4.894437054  4.502299627  6.833852213  -10.15590821  
4.750310054  4.369719938  18.12827166  -6.610648742  
3.651135657  3.358610301  25.58206338  -3.303483552  
3.364242276  3.094702532  9.659168935  -2.899089268  
3.031987354  2.789067544  5.788794298  -37.29321521  
2.593024962  2.385274382  7.295136957  -4.889407574  
2.549772408  2.34548718  20.71102025  -2.477980615  
2.498291621  2.298130982  28.61897718  -15.72988127  
2.352887538  2.164376529  6.049494564  -3.974693814  
2.319617332  2.133771899  10.73723855  -1.156177325  
2.280769914  2.098036897  12.98513846  -2.789636369  
2.220676017  2.042757664  4.955959617  -8.973386357  
2.197933034  2.021836826  10.23811403  -2.200345739  
2.178597632  2.004050557  7.280466314  -2.53863141  
2.157856289  1.98497099  2.613370958  -5.308672173  
2.074276437  1.908087472  17.36597219  -4.80520921  
2.058701392  1.893760284  3.350021203  -1.670167997  
1.994073883  1.834310668  2.056511949  -1.046927591  
1.965856312  1.80835386  6.004168302  -8.255197016  
1.933954199  1.779007713  8.10961359  -1.645555537  
1.843701984  1.695986415  4.475132124  -6.890414241  
1.776399102  1.634075773  2.912523494  -3.107979157  
1.744654316  1.604874348  1.082841723  -1.199982724  
1.733847345  1.594933221  1.675577455  -4.51742214  
1.725772917  1.587505708  1.120541303  -2.312247378  
1.724158076  1.586020246  2.496152345  -1.095006488  
1.71033291  1.573302739  2.582367151  -2.662690901  
1.608257237  1.479405267  6.928457498  -1.984837861  
1.563787033  1.438497972  2.916437371  -1.951763467  
1.54922213  1.425099994  1.195102799  -1.150960028  
1.41101566  1.297966489  1.0988091  -1.065841726  
