27.89363835  39.01035541  21.5397132  8.631411719  13.50407561  24.34190111  11.05509551  13.0327583  20.14193509  11.10463035  54.58280799  4.151407476  8.024494458  2.991828021  14.42649947  19.00364303  11.66197072  2.921181513  58.55598759  48.96702693  27.64490575  5.559977236  10.44507452  81.94379117  67.24809065  49.20933373  46.61984568  18.58111434  97.87401976  10.44319244  16.74543686  28.3927468  24.07326829  0.4825110567  9.164919875  
21.60300351  12.75307712  20.49907092  30.64874921  27.32773637  2.310500303  69.7472533  23.02160913  288.9513339  41.78076554  32.37712566  90.93921522  38.57273069  15.2186144  6.494121137  29.69464098  7.248911084  31.54661532  95.36380796  47.19974889  57.30765005  54.30798374  47.62735396  7.698451507  42.98960646  15.66038037  34.06048959  51.47516107  94.68500542  136.0112781  4.371597923  121.6994652  17.96332066  35.03072128  23.838994  
28.09579162  12.53083604  32.51597789  139.7589535  27.12723214  117.0024649  66.41509848  121.7346144  72.62065239  12.54100711  60.26463653  31.11567176  30.14687118  13.38064888  5.200839908  109.2339644  58.3867641  119.8590639  13.28279842  26.32622109  116.7874193  45.54864428  84.76539879  110.9724243  51.92881292  75.65358856  172.989587  64.79749601  18.09201877  72.29241071  18.77736679  99.9426799  91.62186027  31.45708762  63.72416532  
57.93905741  174.6544983  50.19652995  70.03010265  103.7012638  63.1155425  241.3820527  109.6903838  32.77666883  33.25398097  134.4025112  70.46814578  187.1184104  28.08546293  46.0606999  37.52650826  329.5413044  5.083162361  114.9765393  77.63818231  19.95822312  213.4113824  70.91297933  47.63904831  27.55523625  68.53564503  110.6187459  109.0707111  18.36260529  186.8266171  37.29242596  24.8230038  49.21981479  74.8027271  32.22021064  
69.02135936  148.3651744  69.75198257  78.06811093  0.1211965359  214.2348722  70.37124234  49.59599187  39.55476643  4.141596029  11.74866389  49.16343197  18.76853543  13.52771554  107.4623488  14.19651359  15.19255899  51.49452456  174.5758996  78.63792143  137.5924256  116.2038622  28.9877049  10.72720666  88.15174334  195.3758163  45.8986938  80.43793209  58.20681067  111.0508882  31.52856845  20.26975224  3.021307775  8.49895972  98.11058059  
66.39494498  27.20168804  152.3903098  0.6107686309  35.58266579  28.26923771  49.0598761  291.1646223  238.4981642  42.03220458  219.3421384  15.00755146  81.08287127  143.5256578  30.77794165  84.33820485  116.3373701  8.902172379  42.20568278  58.85225108  201.2199159  93.64679319  79.44494484  17.71499369  129.682395  171.3623513  66.10270194  70.87106709  69.41150283  74.61603632  10.40388814  115.9029518  33.38465355  2.430920915  37.42726812  
101.1290712  42.81410468  25.04652729  49.93068657  82.50310591  13.81981479  39.9227294  125.7973186  40.16747487  19.42436217  66.22971656  68.30347148  4.148929355  30.8639335  12.32754324  194.8623335  76.44136105  61.22768169  8.587142602  92.90069225  123.8490555  26.81281967  22.64426945  2.299985331  33.49762582  12.20739724  1.109483015  38.01750813  55.22795767  70.33821179  13.0616044  65.24193011  74.00292307  53.74168498  28.62950405  
311.6950221  221.4181012  233.9253249  83.17120509  239.7629425  225.8259115  141.3582192  81.97236317  322.6284589  10.04628573  54.12571293  173.5256227  72.53816369  9.699622969  19.08566301  65.61180269  12.49716032  78.69361717  97.64011372  27.97346009  58.2230911  287.5604216  29.490854  24.44024746  351.930973  15.77165461  180.4040695  15.11281831  234.5333131  180.3334104  25.87529228  5.451647431  30.92513467  154.843594  13.7646932  
52.09619568  39.2473717  73.77537959  69.2115927  44.85748087  51.43843572  64.75168087  3.909916339  109.8165272  52.28314075  98.75189646  50.82800049  303.0789072  61.72295034  198.570605  78.58687538  135.7849708  194.3863075  61.39776138  91.74714873  116.7327254  32.41055399  91.6491419  20.4756879  58.28601452  36.03098191  149.6318547  23.82242178  6.477098626  0.1067437749  89.79133073  25.13568234  92.76782787  98.31269923  102.0422914  
63.27605784  65.94891164  91.75416009  29.00717576  33.40560629  34.35228833  15.3935875  2.15878629  31.14861244  60.62022108  51.09272539  5.478376437  95.39539879  300.4479205  37.92434171  40.93918779  4.733419412  20.92708715  64.82493149  31.5948981  86.38544463  1.255033618  137.8900572  23.54505264  23.80790211  0.6113139312  1.299483451  8.498122777  88.83247571  24.75312538  20.1330833  18.19247517  38.26333324  10.66889585  30.4070234  
18.27440448  2.12812873  1.552669897  0.5812895586  26.46798911  17.83883145  23.67669754  15.37895575  4.31454169  45.90812211  28.69231549  2.998948434  68.3655844  156.9555468  46.12472175  18.47964445  11.49607834  13.31257613  113.0748168  109.6417971  36.87545612  43.27104914  64.77039833  150.8150154  44.23242531  1.86869684  231.3835605  160.3389366  80.29153378  94.52497511  27.02897212  12.06868431  63.06784644  78.94909146  92.57989212  
118.2201572  120.2495763  55.33951004  138.6666382  122.8452037  110.9502054  63.85485483  9.435043202  21.91045221  28.38754654  283.9637279  33.77791596  4.337502165  129.2495236  18.48100708  113.455218  105.0649098  49.70572972  157.2455812  11.12158242  18.81417068  94.0425594  140.3342648  207.6801875  193.4181987  8.77895695  9.955801702  123.9860042  74.81975031  28.33948187  98.12013253  37.58891939  211.665983  146.0250623  19.54908066  
42.28262087  36.06191286  50.70125686  55.05248891  76.76492775  19.73703133  27.0713632  90.50039089  43.49345232  53.60927131  200.3684597  4.744966767  145.928985  58.29168337  60.20788405  31.46513008  14.33683509  43.13377653  76.14754036  10.5449971  85.3178266  57.51230094  122.3284778  165.7154997  145.601005  27.11708102  43.99405399  147.50702  14.35555553  98.35891597  6.498802022  71.37365648  56.15446615  1.931823107  134.1185618  
334.2611886  77.48726476  185.7769989  180.3464806  107.1224411  68.39441886  25.89875141  30.67228789  119.0471487  31.383491  13.41148242  13.89907044  58.98042237  100.0129605  343.7531583  93.66321247  66.02897341  21.68124333  39.98689164  168.0820353  27.65360466  12.6687195  141.9466668  150.0263591  1.349822414  128.322655  22.62446183  191.7963747  11.50247295  138.927481  316.9457641  61.19471963  4.705993356  94.64489348  69.73787433  
12.10494906  22.81989602  25.48105175  124.2243495  38.4891292  67.74526614  7.552472249  12.32229485  140.2952772  9.396213263  128.0727006  32.61704186  36.60128487  34.68240693  3.616996535  200.4237026  6.090062166  67.32248021  162.667899  57.90871171  7.109516729  18.7525161  146.4804038  61.62377298  13.82951485  83.57122619  55.77121673  131.2122272  18.41515446  152.8730702  119.6215186  15.93378713  90.90972196  149.5575265  33.83615108  
31.65963369  24.39841834  36.60362013  4.121429529  84.31104262  62.91084757  138.0959664  147.5501626  106.7660706  109.5445685  4.891045086  202.4348566  158.755812  86.97092995  30.27590272  31.88769484  265.4361105  44.08865322  3.466741126  84.10410584  82.68785093  195.0692181  6.466117171  17.36258056  92.90527195  42.88480349  0.04215883378  135.0041809  141.5151139  128.3408598  87.89735277  42.27483084  100.6370496  150.0813615  6.605631072  
78.05388359  101.8211973  154.4417819  100.6007109  49.91288239  53.5439781  41.11147584  27.50798845  26.15836418  50.62538683  8.307440825  55.41049991  87.37152063  36.0857338  122.1992837  42.21712912  90.35327829  10.91239361  164.8478909  18.8618127  57.41957139  139.3929227  44.57467246  43.55772728  57.40630855  306.6378271  24.96844396  109.7879869  42.74932335  30.90967587  21.84739497  29.14528525  370.1363219  48.26474755  74.47505759  
1.99414004  24.02537932  7.265511288  74.45324101  21.81292285  71.8406139  47.03967652  152.7525813  9.951680373  28.02370314  17.69656975  20.89998133  4.819392067  73.42468907  9.754777929  39.86025613  102.5482432  132.4860313  51.36790816  3.659548396  26.97207826  40.1034364  22.9367775  72.84208873  81.24004872  35.54892795  57.46142673  21.12716861  56.22981864  1.95558672  112.5533533  67.52688051  60.6242459  1.30858672  299.9537387  
48.07566296  31.19900809  6.823689083  48.48162445  27.32089595  49.55492617  68.74745952  92.93158434  48.01804189  24.13924935  3.776187642  11.84992103  19.3390501  38.10485904  85.46149542  32.64900244  87.22532374  6.163472724  2.059604913  0.7387567956  54.30164796  99.86719787  69.98809137  4.375520396  24.60713317  99.2109273  115.9006195  14.02516485  11.5952661  59.11435466  9.36047499  58.37128924  16.58094136  37.26837331  46.66972202  
126.4487641  66.01603097  33.88267444  98.74201584  134.9431945  3.68124975  47.32434111  66.93801336  16.13520769  44.9335311  43.43163933  14.16514992  84.42295574  170.3498682  44.36706184  88.99439383  54.08330794  15.72553217  66.48243332  45.15295017  7.394745559  5.79884091  77.69604617  7.84835144  9.962433297  42.57969133  37.27143991  28.31276306  19.91584444  110.857257  201.2364054  86.44485856  124.2724659  144.992099  1.618711093  
44.21708579  200.0234227  82.46221068  10.50943762  78.76094672  138.7908303  220.4256381  66.06838987  114.0655982  67.82621579  158.1797533  39.0982648  288.1927216  18.56534309  60.74636666  37.96153722  6.495097765  97.07415609  0.8774307958  167.0693311  4.61762175  23.94756166  114.8944849  20.79638035  73.66823447  50.51952951  107.8949317  194.3546471  209.0343036  20.03449394  6.785311758  48.6790026  58.74869422  59.44703868  7.101992768  
6.711423035  60.88282966  48.30968482  79.76312384  29.57899902  4.87035194  131.7628495  56.60263388  35.89022771  124.440886  81.73787862  0.6783268703  47.54236454  33.42133895  75.55095805  2.027827389  2.478072578  339.7220188  33.64889805  105.1619105  115.2203596  70.16706644  265.2401511  43.07192505  136.2572416  5.085912438  28.03310361  8.821637004  38.33932462  67.91907818  13.76158171  282.0737163  40.73731291  97.47831838  14.9627985  
10.78484396  59.9123687  20.02622408  229.9592474  28.10770675  51.36823193  100.7584578  291.6835856  4.571176537  66.56617404  14.72224857  56.66978914  98.60756824  69.37883146  57.20485552  113.4582669  68.52540339  182.1561493  162.2296608  73.76859591  13.49375039  27.43874092  54.01896336  34.10553448  8.886337124  47.67321604  225.0256006  122.965265  39.94993533  58.24587227  103.8453835  74.79950095  212.1171301  6.199173953  249.332008  
16.26216081  11.29344435  1.210054238  24.80188211  129.400592  24.59237134  93.00967112  169.6503913  8.356567675  22.03489822  25.6041865  63.01694259  69.56534059  7.829143365  70.84267746  69.31402809  183.7131194  144.5851366  13.19726755  155.3392254  53.74422245  47.30009653  59.95479048  47.86995196  58.11142976  3.756567252  163.0303552  72.55084404  6.896288295  59.46752316  182.8381949  215.7427228  12.68738941  73.8890694  231.8419047  
81.4616848  21.70348055  29.46574917  6.128173243  79.99981811  43.86775844  21.78304197  75.35473187  193.8386269  116.426671  65.95323798  212.9333141  63.41677663  62.1803786  10.33189553  6.603600401  108.2898669  191.7569419  76.34896674  115.694493  152.8269098  21.779279  27.94370053  44.33285878  34.52805789  240.6482953  117.0379612  61.06794876  90.38738645  67.33022275  12.7518683  136.162978  84.40043568  30.13553932  34.06932972  
5.689399655  190.971339  124.4345495  58.16859149  35.18203231  268.072013  140.1813828  5.91399999  52.06433098  1.892908426  19.72911731  99.59321806  71.85073293  54.20406089  172.4719031  29.85520959  101.9819718  8.456658584  19.86528263  133.4326246  34.81701629  105.9102405  35.13776734  52.98017835  150.3973779  132.7621874  7.962579405  67.24179508  22.40691246  39.30243466  27.2510427  78.79274114  41.57247699  170.6411555  30.86370338  
184.1621298  75.35124059  88.35777302  124.9234601  189.1537187  55.06408844  24.38375341  29.79236078  34.16772902  131.786834  88.6314027  117.4392123  63.37428775  58.03070314  25.51338158  165.0006302  153.9262006  29.92594329  8.819210597  28.98316296  29.44459997  34.80665251  5.408513516  14.59555425  166.5050101  56.23468645  48.88928428  24.83226115  61.26794254  68.37694462  31.80001136  51.00770403  110.96963  142.9671115  119.4730797  
84.94920344  22.91941814  119.7242148  134.6561341  20.25426317  33.54012369  168.7734554  21.19960662  96.16098579  23.74812125  161.5223737  51.10870957  13.3433683  135.8307779  164.7771529  133.4327826  75.58160105  57.36750535  51.81211968  0.1463709724  6.263419409  41.49111221  49.62749413  10.74807017  126.4819592  70.97537988  54.83037251  4.507131212  162.1777372  79.52388497  35.63989689  111.840197  29.50401853  31.59181176  2.105486351  
63.1098937  6.541170217  7.916849929  30.93569727  12.73858492  24.77091826  34.07397421  17.71550325  32.78611223  61.8904747  45.75109153  21.08001715  163.6262228  2.971655274  237.3896292  27.84020473  76.26375818  64.95917805  4.254640283  66.51343031  171.2910725  64.91294303  117.9408407  143.9689613  2.301005288  34.59335526  26.89021681  235.713614  116.441699  14.45319867  33.37066012  13.13600327  40.67777199  211.2736236  101.5483177  
67.21340036  70.70285311  168.1083426  39.13096747  74.48381996  174.9582134  67.34485134  37.65410962  25.12693276  142.8256463  33.17473195  88.21887819  13.52334145  39.80446448  67.68548939  135.2020108  17.33099582  71.33596034  14.59878512  16.01637169  90.2618717  144.0709986  80.29352375  93.17963277  35.05919856  12.68616611  169.2387875  31.13653015  227.1484456  156.3937007  229.8767312  50.7214105  38.74169908  88.47932859  6.407465102  
169.6963924  276.670503  215.8339183  211.8457638  220.639652  168.7080694  46.13385123  100.6218221  2.073255397  268.5407226  26.81499444  54.82693509  8.549995075  76.55813366  78.889411  150.6091576  13.57683904  44.38767926  76.31651295  48.01499233  4.277216091  92.25942155  45.63045324  218.9920999  7.396070234  181.7393557  99.88353678  32.95139314  88.26058371  32.62024002  9.121288178  63.37654273  16.64144962  85.66689177  41.5546901  
123.3250442  47.25428565  240.8062257  90.73854954  93.86604204  104.8026479  24.33880205  6.927431359  153.171482  278.2621979  60.79706582  177.5802853  3.593265168  132.4734645  92.17150244  15.43502575  78.78130655  26.90109806  257.9700299  242.6196388  241.8875867  89.00825215  67.5475116  17.58168786  78.56653765  17.52940091  10.02101632  17.46904674  208.4405279  10.40260882  42.52927938  103.8676688  25.27330751  7.657711202  21.75893151  
0.2907094415  52.65115452  1.651987835  10.66422477  68.28165108  67.36571925  10.80433428  22.38239636  19.58564687  155.7735999  43.99201604  238.1120289  52.42746594  75.84948756  49.41569331  64.74066773  4.604128066  105.5143641  2.671053449  241.2404088  52.1687328  21.56293587  12.87268525  125.3695591  3.945865799  74.06152242  36.34709212  86.61909871  6.478276182  36.21549466  59.26163333  38.44760464  220.6671082  178.0377415  33.50759855  
52.82490301  131.7723245  24.47285042  30.91654633  84.59325674  57.79847248  105.9730547  74.71316476  45.67341532  323.1066261  41.50484501  42.15018488  49.3339853  218.307685  79.18608485  178.3944993  32.22747287  6.34874842  186.1464453  20.3006122  2.535090806  109.8978461  156.1339585  330.8633309  22.93636116  79.06029877  4.531393695  19.55185789  35.14998355  98.70979575  76.67289996  181.1823007  38.33907148  28.38323705  170.7872896  
24.10011732  4.708620033  30.26999719  88.47106749  16.84442933  20.83410487  102.4282425  13.6796366  6.019295152  27.51555783  67.38571792  331.8423548  40.89239903  66.99977445  54.51809277  51.9420968  18.92004464  148.2680936  39.02768712  42.46525118  56.52489432  40.98798717  21.76594238  55.51063895  40.20942858  71.62590072  35.164669  12.75909505  29.12617786  5.922676143  63.89791767  94.90242298  19.07460286  9.37861872  152.1165283  
21.36412326  64.98122828  47.37125427  0.09621634254  192.4611046  31.37549531  7.989491154  195.9451385  0.1075728825  60.36637698  209.9396695  19.74458243  0.724685607  0.004403106484  33.46402597  14.18679292  85.63041548  115.3341314  78.91607353  15.15946343  352.7566202  74.52526549  0.4190483753  145.4592877  142.2386456  120.2179394  26.22192222  39.35131055  2.803668837  60.21651648  715.0110666  8.584474924  23.69884337  22.96052469  240.1896101  
