-2.082075339e-14  -3.607644137e-14  -4.236603055e-14  4.14021059e-15  3.242589632e-14  -1.758049434e-14  9.674601352e-16  2.878508691e-14  3.894514456e-14  1.163980782e-14  -3.510732556e-14  -3.087156139e-14  -5.237284869e-14  -8.527803768e-14  -9.5579573e-15  -7.394354733e-14  2.953888686e-14  -5.741239257e-14  3.806616276e-14  -2.886283861e-14  -4.828277438e-14  3.449832796e-14  -5.017077644e-14  2.635102116e-14  -7.056268636e-15  -4.313174315e-14  3.421699751e-15  -1.845397902e-14  6.349411546e-14  1.747579373e-15  -3.595187957e-14  4.205873313e-14  3.651631998e-14  -3.61154304e-14  3.197853101e-14  
-6.819005656e-09  -8.469415859e-10  7.152244652e-09  2.04895063e-09  1.838410529e-08  -4.79440989e-08  6.612803505e-09  4.228103061e-09  5.690956137e-09  -8.706618011e-09  -1.788835626e-08  -1.138492829e-08  -2.572412628e-08  -1.719681011e-08  2.980679596e-08  -1.163965257e-08  4.057518216e-08  1.345903799e-08  5.515923664e-09  1.896953648e-08  3.651402254e-08  -3.712499813e-08  9.816746339e-10  -1.01069011e-08  -2.462026479e-08  1.277634921e-08  2.187425218e-08  -1.807700717e-08  1.189844651e-08  1.901593075e-08  -3.600532227e-08  5.202895308e-08  1.553847463e-08  3.748163366e-08  4.907910172e-08  
-7.938562204e-09  -2.583862772e-08  -3.781877755e-08  -1.824835476e-09  1.047733239e-08  1.689407339e-08  -9.04347893e-09  1.943989222e-08  2.718453416e-08  1.292167735e-08  -1.170115748e-08  -1.782468923e-08  -1.649704586e-08  -3.534037255e-08  -3.303492377e-08  -4.172441901e-08  -1.767612675e-09  -5.625493663e-08  3.431544135e-08  -4.11050703e-08  -6.105318457e-08  4.362283843e-08  -2.756696198e-08  2.3715869e-08  9.792836909e-09  -3.181785796e-08  -1.529652148e-08  -6.494894807e-09  3.842928003e-08  -2.218260322e-08  -1.136537106e-09  -2.04363185e-08  2.757179836e-08  -5.266585234e-08  2.712371663e-10  
0.000406124217  0.0004776190505  -0.001210178056  0.001537456354  -0.003129057059  0.0005074286534  -0.001545938701  0.0005359643071  -0.001124245083  0.002156724211  -0.001410668646  -0.0003645579262  0.00191219087  0.002324670716  0.0009274045172  -0.0001510416684  -0.0007932905778  0.0004575432512  0.001984624851  0.0005290579417  0.0009549513414  -9.361613761e-05  0.001009309857  0.002112391862  0.0003807798728  -8.440974065e-06  -0.001330190298  0.001194290451  -0.0003146534605  0.00224147789  0.001316718864  0.001339574877  0.0008201802834  0.001914524735  0.001596890741  
-0.0004473913114  -0.0001078739142  0.0006075478507  -0.001313588197  -0.00194058273  0.0005498728037  0.002021049589  0.001665694473  -0.0009259107478  -0.0008592602236  -0.0001684004951  0.002931258608  -0.0003048432191  -0.00139121561  0.000254669582  0.0009823130722  -0.00134748632  0.0007476270202  -0.000225013435  5.886616821e-05  -0.001027123831  0.001353289194  -0.0007632192189  0.001517400074  -0.0008833453811  0.001224111914  -0.0004971411916  1.776001144e-05  -0.0003110450008  0.000244354526  -0.00120162745  0.001604341422  0.00137783491  0.001824685844  8.300488051e-06  
0.001501294657  -7.958868424e-05  0.0006076835968  0.0005988825636  -0.0005093232544  -0.0001812675749  0.001480276206  0.0009182029661  0.0003129270086  0.0001266159344  -0.001461682402  -4.708879196e-05  -0.002076194959  -0.000616397741  0.00252880345  0.001377270325  -0.0002510505842  0.0004263537443  -0.001647132238  -0.001421163829  0.0009548947786  0.0002032938437  0.003194100018  -9.554048107e-05  0.0005504896746  -0.0004749980294  -0.001739507168  -0.0006260557857  -0.0004100559934  0.001353291416  0.002025255019  0.001062509428  -0.002066073363  -0.0007411704835  -0.002577837174  
0.0002801169693  -0.000166516906  0.0008522706325  -0.002810953622  -0.0009912472501  0.0008037530087  0.0002548109315  0.0009677102881  -6.279974127e-05  -0.0007068511348  0.0001709864755  -0.001888187163  0.001499317175  -0.001288257806  0.001534454658  -0.001410224335  0.000757248877  -0.0003247406075  0.002836974917  -3.750047337e-05  0.0003654951976  0.002120285453  -0.000131089035  0.0007109479494  0.002331702759  0.001232399211  -0.0003696421568  -0.003347063079  -0.0002403573791  -0.0004476317259  0.001831548779  0.0003164242059  0.001512648654  0.002114920068  -0.0003687793145  
-0.00113039202  0.001033574688  -0.0009430940168  0.001022700397  0.0007267450656  0.001091113252  0.002631019053  -0.0009314454703  -0.001055315144  0.001248627014  -0.0002605110113  -0.002623392199  0.001563160749  -0.0009098426394  -0.0009227663702  -0.002217483026  -0.0007503439187  -3.871736899e-05  -0.002348475727  0.001532599576  0.0001391534454  0.003802856808  0.000669852543  -0.001270959288  0.002040213811  0.001688975968  -0.00317944108  0.000843068304  -0.001068820549  0.0003445131994  0.002426156752  -0.0004940430928  0.001859894832  -0.001995646292  -0.0001109226415  
0.0005174575527  -0.0006469362898  0.001312040844  -0.002479454189  -0.0002524394331  -0.0007705224874  0.0003723588959  0.001341302684  0.001224958284  -0.0003311977377  0.002964007745  0.0002104115239  -0.002440153512  0.001235664505  0.0007183782066  0.001032908467  0.0002173675309  0.000638125483  0.0001551561693  0.0001141236297  0.002130916434  0.0002152951578  -0.002407926931  0.001114025661  0.0009674142855  -0.001475239774  0.0003699905878  -0.002647239169  -0.0006907327281  -0.0009321986285  -0.001405200071  0.0006143807566  -0.0018379708  -0.000575337364  6.798120434e-05  
0.0004091467515  0.001025936399  0.0006792551393  -0.0002887826264  0.002379723119  0.0006130513488  0.000743798933  -0.0002423336462  0.00248284389  0.001139142152  0.0007840954048  0.0007123734273  -0.002707321939  0.001129021147  -0.002170410839  -0.0009216345354  0.0004240075672  -0.001088857227  0.001641168384  -2.363126161e-05  0.0001824099525  -0.000836652421  -5.520242273e-05  -0.0006934194114  -0.0007326658268  0.002132062629  -0.000399455845  0.0006225480472  0.001595260227  -0.0009344779103  5.716372196e-05  -0.0005103289399  -0.0004425988939  -0.0008885774888  -0.00165966567  
0.0006552151488  0.0004780182805  0.000630757276  -0.0004598337679  0.0009511502423  0.002195079238  0.003192912953  -0.001972986794  0.001430383814  -0.00113482374  0.0009721870004  0.0007297698593  0.002680812377  2.472615765e-05  -0.00058291628  -0.001718029375  -0.001171502767  -0.002438054387  -0.0005240798607  -0.0009170353857  0.001412641701  0.0001388294728  0.000127447923  0.002545831946  9.054111076e-05  -0.0003890373747  0.001895603816  -0.002854907751  -0.0007706191282  0.002594605221  -0.0006926059808  0.0006995448815  -0.0003235148291  0.0008245066391  -0.001858809469  
0.00102772323  -0.0006408872465  0.001187221836  0.0005418116282  -0.0001849248369  0.0008241286042  0.001426016561  0.0003183119624  0.0002177518024  0.001015613862  0.000106901308  -0.002421877011  -0.001957175893  -0.0008638442752  -7.635961476e-06  -0.002669546442  0.001744832062  0.0003114911452  0.001680434035  0.002535609292  -0.004096400891  0.001741684091  0.002044623768  -0.001528147865  -0.0002977394631  -0.003900673419  -0.001755890724  0.002476253736  0.000147214704  0.002568709667  0.001211471234  0.002048671407  -0.00227053981  0.0005543243352  -0.0007520975163  
0.0002132010769  0.001568213358  -8.732130522e-05  -0.0002461686874  -0.0007585580552  -0.0003181737155  0.002148216183  -0.00159710102  0.002394809369  -0.003153564671  0.0004745941023  0.0002288489847  -0.001560156602  -0.0004600298486  -0.0003280579279  0.0001850153625  0.0007458936806  -0.0006462460235  0.001554975452  -0.002093672929  -0.0005314843466  -0.0009784123817  -0.001689616017  0.000334890622  0.001763194686  0.0001200010701  -0.0009531987135  -0.004185943611  -0.0006603529011  -0.001588801721  -0.001931246889  -1.609619716e-05  -0.002251866001  -0.002090627825  0.001478852419  
0.0002545955508  -0.0008951579068  -0.001074752256  -0.001383325235  0.001021804244  0.00136779355  0.001031047931  -0.0005305830744  0.001599545473  -2.939922193e-05  0.001007181461  0.002813472924  -0.002163870341  -0.001839614864  0.001268717845  -3.20462411e-05  -0.001059525994  0.002173070588  -0.0007537626329  0.001120656006  -0.002370244852  0.002050750108  0.001476646638  0.0006690989151  0.002021298362  -0.0004346670198  0.001894843726  0.0002436469968  0.002842432025  -0.001459533722  0.0008256062202  -0.0005822950965  -0.002995443922  0.006784141945  -6.369259707e-05  
0.0006143183111  -0.0008218880726  0.0003371352087  0.003125138705  0.0002187062818  -0.001256437695  0.0004549856272  0.002207621734  -0.001045865938  0.0001203211577  0.00307573412  -0.0002851432867  -0.001804228831  0.001007158113  -0.001131638625  0.0007810055464  0.002044560946  -0.0005957453237  0.0003461511726  -0.002314570563  -0.0001413264283  -0.002423226296  -0.002926902761  -0.00222866845  -0.001008984138  -0.0007805310988  0.002286503571  -0.002432212019  0.003211238753  -0.0004944527312  -0.002147112867  -0.003176314099  -0.005186501483  -0.001498233588  0.000136509059  
-0.001208449537  -0.001438234415  -0.0003971218822  -0.002098189471  0.001838982153  -0.002053101108  0.001749336235  0.001904180801  0.00376689322  -0.000810930509  -0.001131333167  -0.001533878412  0.0007994948423  -0.002397334258  0.001560467737  -0.0001887865677  0.002378311046  0.005359435551  -0.003421763016  0.003521419066  -3.913023007e-05  -0.001013598568  0.0004396444622  0.001229978254  -0.000841675233  -0.0006498436866  -1.472635566e-05  0.001054711525  -0.00141700588  -0.002304621207  -0.000380693986  -0.001471531191  0.002187766597  0.00210484691  -0.002073557188  
-0.001194589755  2.201017515e-05  -0.001696585549  -0.0005921998661  -0.001694610043  -0.0002020609296  -0.006261144916  0.001645203178  -0.003882352665  -7.447365335e-05  -0.0003790077809  -0.001667162007  -0.0007932912798  0.003767157459  0.003296420379  0.001408175134  0.0001419076863  -0.002106811117  0.0001726851893  0.001362147902  -0.0007896838629  0.0005705587859  -0.001240768395  0.002099771136  0.004238374826  0.0009383343233  -3.831517094e-05  0.0009249443524  -0.0006838941  0.0001901368188  -0.003225755483  0.0008754114556  0.001973453304  0.003075166925  0.005722890949  
0.001654841569  0.0006714790911  -0.0009566935937  0.002779539572  0.004063787465  -0.002187453091  0.0002409566929  0.0011861327  0.0001514858047  -0.0004416705661  -0.0005288917443  0.001884318839  -0.00305779477  -0.002739931151  -0.0002186487713  -0.0003061447502  -0.0007392396586  -0.002376757084  0.0006149719319  -0.0006239819976  -0.0033882947  0.0007151716936  -0.002392180789  0.0003585400911  -0.0004808515293  -0.000810680148  -0.003966807795  -0.0005005781791  0.001128455072  -0.0004562537782  -0.002435276457  0.001033212963  -0.001790456687  -0.001495514694  -0.002148894808  
-0.000526008595  0.001248179363  -0.001015181615  -0.003226797314  -0.001791411722  0.0007989163026  0.001933090283  -0.000288051121  -0.001980558917  -8.26105545e-05  0.00133916779  -0.003270940621  0.001011412419  0.003178616838  0.001799409418  -0.001886297352  0.0001520156741  0.0007093266519  0.0019996335  -0.002653342584  -0.0005068647077  0.002085869484  -0.002330028334  -0.002747309045  0.003628718604  -0.0001168656778  -0.005342910357  -0.00237716833  -0.004023908793  0.000154508162  0.001847938286  0.001437939637  -0.0007082946796  -0.005260915321  0.001824107279  
-0.0001702571956  -0.0002717053008  -0.001897650841  -0.003619776657  -0.004099493949  0.002000295336  -9.996978968e-05  -0.001301355236  -0.001834693794  -0.000223453218  0.001989423054  -0.001005833886  0.002973127494  0.00248141754  0.001048455141  0.001565661311  -0.001035464149  0.001120100349  0.004421937311  0.0002086220138  0.001137247713  0.0005099454683  0.001473438931  0.003978782248  0.0005164480283  0.002743572874  0.001729552558  0.004195346554  -0.001587379526  0.005866222979  0.00226476603  0.004705839158  0.001765840309  0.001099126718  -0.001515010675  
9.691620594e-05  0.0007973864092  -0.004405914155  0.00332114631  -0.000946163673  0.003045702689  0.002506734675  -0.0009444971504  -0.005011587355  0.002484128183  0.00248446723  0.0005575703013  -0.003605603165  -0.0004380110515  0.0006185581925  0.0005036510184  -0.001696493021  -0.002406937972  -0.0001390408786  -0.001404286302  0.00100766282  0.00661945842  -0.002123479431  0.001027529627  0.003564723059  0.002983345854  0.0003416324242  -0.0002832318112  0.008170732315  0.003595654712  0.001932800358  0.003043669016  -0.002465950849  0.003539160106  -0.0002088289528  
0.001104426917  -0.0005589526161  -0.002078022333  -0.001467988591  -0.002974622626  0.0007924435316  0.003723833929  -0.001014914722  -0.003875882215  -0.0004909423718  -0.00229560395  -0.002094118399  -0.0004855987935  -0.0003901371809  0.0004519113739  -0.001691182527  0.001060131955  -0.004471224366  0.003124405881  -0.001633715883  -0.002420387427  0.001956316695  -0.0009051889713  0.0006373204385  0.002115108652  0.001011146138  0.001762894622  0.001255558709  0.002646105067  0.002748587234  0.002351555752  0.003434879263  0.006118537018  0.003103368141  0.001878948702  
-4.900090999e-05  -0.004440866093  0.002275811475  -0.003781252584  0.007185104812  0.002091429082  0.004768661047  0.004301537688  0.0004228770475  -0.002537453231  -0.0008042871008  -0.001838057711  -0.001396744722  -0.005589913049  -0.001187712005  0.0004133341502  0.002570841872  0.004856376414  0.001687220987  -0.008073229913  0.004131483121  -0.002745403891  -0.001161107254  -0.0005683723611  -0.004297085213  -0.002568374433  -0.0006743540901  -0.004365268685  0.00198384494  -0.01226465124  -0.003277163214  -0.003186224565  0.0009885045012  -0.0002328077785  -0.003854018481  
0.0016615149  0.00115380168  0.001554545487  -0.002251198857  -0.0002015665904  0.002898214405  0.004137129242  0.0001644476245  0.0008152325022  7.84058084e-05  -0.002590039787  -0.004108766111  -0.0001943843879  0.002206592695  -0.0002008501422  -0.001667975891  0.0007874631479  -0.003843722559  -0.0001226746658  0.007252040574  -0.007288884647  0.005654127763  -0.0006750599746  -0.004073627531  -0.001290813065  -0.001002189728  -0.001077232091  0.003713167212  0.002863667767  -0.001877692924  -0.0006196477125  -3.941994447e-05  0.00470861408  -0.0009004655573  0.003203167186  
0.002331007733  0.0002082684935  -0.001029386629  0.003138261293  0.002862339544  0.004882231463  0.005968560688  0.005878539088  -0.004065047947  -0.0007050919941  0.003601674095  -0.0009937359958  -0.002406301447  -0.003318935144  0.0002976001956  -0.003232911284  -0.003266525984  -0.001042998017  -0.002455724498  0.0002946056176  -0.004333124744  0.001871687568  0.00288137436  0.0004213484449  0.003712459074  -0.001409222087  0.002814308364  -0.004147652373  -0.001003535388  -0.0001284005955  -0.005632677892  -4.890133517e-05  0.001644671577  0.00549272872  0.002305456088  
-0.0008732273928  -0.0004288482725  -8.277759955e-05  0.0006612711033  -0.0002931711004  -0.001302663284  -0.003422618018  0.003570488995  -0.001236041426  -0.003374299607  0.002766280004  0.0001952165194  0.003888812476  -0.0009409144606  -0.003515651472  -0.0008812301677  0.001674355629  0.002369102559  0.0004442413266  -0.002152082727  0.001992158723  -0.004290001165  -0.0009605198392  -0.0009702661983  -0.0003903937794  -0.0004677123245  0.001905017682  -0.001762692079  0.003269931782  -0.007690477737  -0.002659378574  -0.006944402238  0.0001236659063  -0.003154269606  -0.001899902647  
0.001406309182  -0.003020442137  -0.003338103652  0.001100787877  -0.001224618692  -0.002790529059  0.0004500099845  -0.001371696598  -0.000633851329  -0.0001422212973  -0.0004062700091  -0.003799627243  0.004646675559  0.00490509064  0.002990651334  0.0002115228704  0.002026171172  -0.0009095532422  0.00850920365  0.003758263008  -0.004277610356  -0.004275055503  -0.00362138983  0.003242735504  0.0004910361391  0.0007647430633  0.009444745802  0.0008299846268  -0.00149044157  0.003357643342  -0.0007844436446  -0.001420440948  0.002505159726  0.008517875681  0.0007198281551  
-0.0002835837941  -8.243478637e-05  0.0008912008045  0.001977827232  0.003133447245  -0.001770134128  0.001208549014  0.007119766629  -0.0005906866846  -0.001402685501  0.0007098565539  0.001646511286  -0.002991668106  0.001821362252  -0.001947040055  -0.006704443511  -0.002175736245  -0.00312714032  0.00231479729  -0.002977803015  0.002236372806  -0.0008826300262  -0.000439219333  -0.003517716841  -0.0006416601662  -0.005286652456  -0.005789375095  -0.002973603654  -0.006092992558  -0.002837316295  -0.002480148161  -0.001901253499  -0.001554861955  -0.002322123011  -0.004679514995  
-0.002870019641  -0.001097519662  -0.004826693465  -0.0003675738852  -0.004834817882  0.000717112199  -6.04903292e-05  0.00250334335  -0.003506008577  0.001015966219  0.001332790125  -0.006505755265  0.0029883332  -0.001378007255  0.006123520298  0.0001452903054  0.00433403744  -0.0001293773993  -0.003382112946  0.003871014039  -0.005790208882  -0.001134192394  -0.006371493578  0.0004794744943  0.005829773774  0.001270395245  0.002786547076  0.000127243051  0.002347122237  0.00110022176  0.003221698002  -0.003190046621  0.004579234394  0.007295709904  0.01014086306  
0.0007957465634  0.003647536524  0.001628548778  0.007289904706  0.004212637967  -0.003172355367  -0.004190560917  -0.001701008426  -0.003732081943  2.827885517e-06  0.001907242929  -0.004726752694  -0.003684427373  -0.002047302879  -0.003028697117  -0.006063916069  -0.0008698611404  -5.016662889e-05  0.0002383372656  -0.005547592456  0.006809746182  0.006327203697  -0.001565893425  -0.0004755120577  -0.00128772926  -0.003035016137  -0.007991175241  -0.006211054011  -0.004008491099  -0.00415626453  0.001885657091  -0.001161747696  0.0004992733417  -0.002666821733  -0.0006463673503  
-0.0006219738098  0.0003594041234  0.004342226166  0.00534513176  -0.001838009157  0.006691047027  0.003323035972  0.00246616696  -0.005569107619  0.0004275253226  0.001770322836  0.0008581212054  -0.001713186616  0.004714354593  -0.001491795561  0.0003008462852  0.001884319753  4.048609e-05  -0.005134504154  -0.001413359262  -0.003977995664  -0.002174600219  -0.006323567125  0.0001445020411  0.003866065984  -0.007283898869  0.003237562948  -0.0001023326511  0.01423879133  -0.004268038133  -0.002146914824  -0.002414350741  -0.001039855055  0.001729495007  0.0008347076685  
-0.001522990954  -0.0006937241306  0.002463924138  0.002000212659  0.003111291088  0.0005661154299  -0.001305675895  -0.0003338843035  -0.003028878835  -0.001563369651  0.00150320709  -0.002888648031  -1.283186412e-05  0.003279357018  -0.002167108157  0.0005009319585  -0.002780545037  0.004110248853  0.004656153239  -0.00411848024  0.004044489265  0.004113334806  -0.007783035517  0.002365083205  -0.006547421791  0.002393687476  9.146655215e-05  0.001246585989  0.001318833142  0.001716858117  0.001277567986  0.003307577199  -0.00074437519  0.008536636451  -0.009983752089  
-0.004627465211  0.001855109671  -0.005855541581  -0.004622416956  0.0002341223994  -0.001932268135  0.001141927022  -0.002047693022  0.003143996747  0.005174799825  -0.001275300673  0.005907321455  0.0007641315892  0.002600980413  0.002302422108  0.001366053319  -0.006046671443  0.001396442125  0.004727043893  0.003048534683  0.0005508748016  0.006522803304  0.01184023985  0.007421616021  0.002255174189  0.009508959887  0.002286182448  0.003267575527  -0.002251868522  0.007729313262  0.003211955461  0.01248556759  -0.002258814479  -0.002491604554  0.0006120032907  
0.0007970757457  0.0001970106247  -0.0003131953652  -0.003605568291  0.001532316181  0.004349488703  0.007279551231  0.00317425427  0.005100562235  -0.0008305554643  0.0009906037373  0.006546497989  -0.008691209485  0.0006236821865  -0.003779850216  0.001615813211  -0.002514471596  0.001315706988  -0.003701231764  0.0003839605256  0.002927611278  -0.002363045191  0.001413827472  -0.001417403868  -0.004037765961  0.001996127076  -0.0007925229146  0.002950080603  0.004941241715  -0.003949163943  -0.002902627681  -0.004422714029  -0.002939863206  -0.002192672052  -0.0004443711473  
-0.003868751922  -0.002007130408  0.01073681303  0.01540500574  0.004876019551  -0.004785045566  -0.005537196256  -0.0003749321068  -0.01203649533  0.0004775907713  -0.00377632211  0.0009735757686  0.00449176193  -0.007223857706  -0.001558880665  -0.008207593192  -0.002142453497  -0.001977135088  0.002996638675  0.002811812921  0.003626429541  0.00562391615  -0.006579422593  -0.0004274674983  -0.006206551952  -0.005287410093  -0.007726064491  -0.003590150372  -0.005534126159  0.005023429523  0.0007508860015  0.004227475316  0.000238099857  -0.003247004397  -0.0128448536  
-0.005338401363  0.001341295956  0.006898012184  0.001898427866  0.004962812675  -0.01080473273  -0.002091553766  -0.001977223483  -0.0002177729137  0.001428748382  0.0008258810657  0.003160541167  -0.00128644503  -0.01140640646  -0.008947891195  0.00338434207  -0.007666068515  0.002888192668  -0.0006672061221  -0.0008756156778  -0.002438255018  -0.005633404096  0.001806647642  0.0001854764694  -0.01200808123  -0.00412196178  0.00103906176  0.0001293087438  -0.004761544498  0.001560187891  -0.002150990054  0.004874446626  -0.005105605394  -0.001128993189  -0.008441303831  
0.003218578506  0.002158891448  -0.00191398167  0.0001084734284  -0.004977593748  0.00632543974  0.01829216348  0.002220530929  -0.0004767351119  0.003038850074  -0.0006913221379  0.001488082054  0.006931675198  0.006695493653  -0.003049653808  -5.335983553e-05  -0.004308224655  0.001530242421  0.001009078482  -0.001207047986  -0.006828979296  -0.003600353023  0.003227724373  0.004182116259  0.001039773448  0.005195573379  0.007630337095  -0.003039365894  -0.00166644236  0.002723571728  0.0009451432842  0.01095100144  -0.003554357019  -0.006809321964  0.005424005283  
0.005173471692  -0.00227143644  0.0004632819545  -0.001024610349  0.0003395918863  0.006890451805  0.01141740187  0.007548002541  0.007580500707  -0.002757552179  -0.004383265805  0.00698997868  -0.01524568092  0.003749792133  -0.001576148905  0.0007007563468  0.001931138649  -0.002860843634  -0.009876645287  0.006321931271  0.005061273934  0.005188751236  -0.004004017882  -0.003448269766  0.008062264451  -0.003427341836  0.004084314337  0.006924773844  0.0142810189  -0.007773400525  0.003565087213  -0.01303954753  0.0007571698467  0.0001386591283  0.01526581382  
0.002529246282  -6.294457658e-05  0.000736307135  -0.003863360064  -0.004621879523  0.0004094896068  0.003892053625  0.002391869574  -0.005494690715  0.001804997672  -0.0008016527525  -0.004572364976  -0.005021295747  -0.009706174179  -0.0003406105658  -0.01345632614  0.005116653145  0.008465063485  0.002353374796  -0.001083063903  0.004114063889  0.004458233915  0.003121449605  -0.000463275146  0.002585726301  -0.0037067805  -0.00655313714  -0.0005941695279  -0.01137644796  -0.003853495541  0.002245031559  -0.001287153998  -0.0008590778697  0.003899827304  0.0014708194  
8.542409779e-05  0.0007786073861  0.00708905631  0.004137211982  0.002925027986  -0.005535824661  -0.0001757118132  -0.007132493575  0.007303208439  0.004428747346  -0.001741977772  -0.01026877011  0.005627915499  -4.58544972e-05  -0.002679252903  0.002072249533  -0.003367154099  0.0006982594297  2.473877066e-05  0.002209384826  0.006978957707  0.004275457917  0.01278359197  -0.002069713694  0.009221440576  -0.0009020092319  0.002329341505  -0.004551226171  -0.002778915364  0.01662285522  0.004797353318  -0.006305183441  -0.008334690507  -0.00602372768  0.004316214221  
0.005551037257  -0.0002458999327  0.0004871044303  -0.004727165794  -0.007376242969  0.01057321958  0.003153038405  0.001407870881  -0.004467648008  0.003267842159  -0.0002266772495  -0.01266825653  0.01301227172  0.01129379111  0.009498305474  -0.01781057963  0.002136162172  -0.003033460113  0.001455437455  0.004929755586  -0.009218014623  -0.001521341931  0.008596996784  0.002468596469  0.003722884508  -0.00238440192  0.0002391689088  -0.002288396558  -0.009887185955  -0.009168145191  -0.008489678586  -0.004579965888  0.006017615611  0.007683723692  0.007312206594  
0.002962307861  -0.0006038844128  -0.006375156618  -0.005439994254  0.001620164375  -0.0009314034646  -0.005037002794  -0.007665090877  -0.004746217152  -0.0002420941728  0.002374157152  -0.00294197792  0.01644861126  0.0008876996343  0.007527892442  -0.006222241083  0.008907606309  0.001400799076  -0.003655359607  0.0004552150285  0.005916986919  -0.01075985823  0.01550917803  0.004687490277  -0.01071513848  0.002714793817  -0.003912014398  -0.004408567655  -0.02060885951  -0.01459517906  -0.00596971998  0.009794354013  0.003679549809  -0.01380894855  -0.01318749636  
-0.001027163474  -0.003899054553  0.001653006752  0.004758005693  0.000604319138  -0.01425667384  -0.0280781623  -0.01020275112  -8.978131697e-05  0.0001922297418  -0.01288831015  -0.004107183064  0.003882193225  0.005762726506  0.01126545925  -0.004473992616  -0.004451505022  -0.009619860388  0.002921330915  0.01163564271  -0.002061734115  0.01204587158  0.01499417553  -0.0009173918085  0.002976764424  -0.004841541368  0.0007407205641  0.01153924538  -0.01034917412  -0.003507805096  -0.001428396943  0.008188751451  0.01168964146  0.001047660501  0.01164308635  
-0.002888136569  0.002992842888  0.005252035365  0.007580395336  0.006479929783  0.005710461752  0.00770297127  -0.002687715967  -0.008628948332  0.005200752333  0.01041620654  0.003823510109  0.00879084867  -0.01088947866  -0.002870815714  -0.007758092376  -0.01110552337  -0.008783911034  -0.00235732867  -0.001316202348  0.0157354815  0.0004242093535  -0.004743053021  0.0002178731906  0.007380266782  -0.002709706021  -0.01252955615  0.01974373985  0.01167280785  -0.0004697201587  0.01174096614  0.004259732141  0.01783970986  0.005271999755  -0.02071908879  
-0.004773566784  -0.002271655372  0.006453011023  0.008777392982  0.01185210063  0.006070518584  -0.001813016811  -0.003503750684  -0.005558357332  -0.001965285456  -0.00374380327  -0.00781916885  0.006465130144  -0.008736366488  0.003329555674  -0.005717748342  0.0004737997187  0.01280803214  -0.002391776762  0.006683624149  0.00912346944  0.02634970978  -6.69101944e-05  -0.0004726837772  0.008948842581  -0.01364480219  -0.006736775598  0.007897517134  0.01427616742  -0.01050342245  0.01364672731  -0.002891884773  -0.001029533654  0.01178181867  0.00460092162  
0.01106320347  0.005972523899  -0.02505799101  -0.009552319729  -0.02380268486  0.005657742294  0.009264305402  -0.007151140972  0.03111444586  0.007328275143  0.004226180058  -0.0004306982299  -0.003255294313  -0.01146059801  0.001428127541  0.002189594327  -8.48654198e-06  -0.007271897728  0.01880913936  -0.008683641513  -0.01146817342  0.01954584845  0.01964028744  0.002977050893  -0.0005466168801  0.01811453953  -0.0009822160484  -0.01221146484  -0.03199818261  0.02338818042  0.004505409736  0.01351526351  -0.02397074167  -0.02847944026  -0.008032410363  
-0.01613036281  0.003990105628  -0.002484174432  -0.004973824974  0.02348766707  -0.01656011077  -0.007639580242  0.00194930208  0.02675707815  0.001871109967  0.01032418703  -0.002670010679  -0.0089472845  -0.02593133432  -0.01549889653  0.01927198495  -0.01772392221  0.00192206441  0.01384942692  0.005303611121  0.005883784887  0.002527647192  -0.008233298847  -0.007629234999  0.001193797238  0.01618894014  0.006474593736  -0.006621228891  0.003045039839  0.02082657478  0.02237509648  0.0005086309021  -0.02636148794  -0.006645471594  -0.004450986892  
0.009744502681  -0.007273024836  -0.01409979159  0.0118133414  -0.01347553301  0.0125672166  0.004451874532  0.006984140419  -0.002154639844  -0.01053191656  -0.003256263203  -0.005167625612  -0.0006325200429  -0.01673034368  0.0142464932  0.0002438630353  0.03531877331  0.03495946261  0.009510635108  -0.01723990158  0.01406022085  0.01322031684  -0.02944382435  -0.01672941583  0.003415061803  -0.03309830919  -0.0101610568  -0.02612034544  0.03946413736  -0.004090876229  0.008691811043  -0.01905223849  0.01162440238  0.03738348754  0.001257430609  
-0.009659987349  -0.007116118726  -0.009758005936  -0.02421343854  0.01506225045  -0.008474193179  -0.01766174862  -0.02989305054  0.0355955337  0.0006887569085  0.002231941202  0.04311544381  -0.05305021279  -0.01944293148  0.003348201502  0.005953330331  -0.00503432205  0.01825697864  -0.007553493792  0.02341999645  0.01232766378  -0.01651143842  0.002854456241  -0.0201969583  -0.04338345  0.003430405003  0.00166024272  0.03259930835  0.0323435529  -0.02435201363  -0.00224953706  -0.0007618684331  0.01037562765  -0.01409428404  0.001514919747  
-0.03543906608  0.004625717213  0.01398672006  -0.009204966033  0.03799445431  -0.02968904478  -0.002984467333  -0.003881027278  -0.03689583367  0.003204996007  0.004093084477  0.01185439126  -0.01254849916  0.001241314744  -0.005387566793  0.02091867375  -0.04042337523  -0.01593526574  -0.02044009807  -0.0006781606638  -0.02282481248  -0.04886465984  -0.02094211206  0.0247815987  0.01495781803  -0.0006947854071  0.01562602014  -0.01050024992  0.01315075883  0.006053483677  0.01983188679  0.01902947753  0.007975559211  -0.006541416601  -0.0385171174  
-0.005803404508  -0.01382652973  0.001135327919  0.01432245413  0.02837930208  -0.01566245752  -0.02712964978  0.02365929342  0.03059946876  0.008926768682  -0.02830755518  0.04372518512  -0.05675580823  -0.04516575177  0.002264982027  -0.0258372777  0.0316140473  0.04257913202  -0.007898449679  0.01628653201  0.0299478541  0.03808825777  -0.01352667439  -0.01266823383  -0.06174922873  -0.0437776137  -0.02577784749  -0.02082063139  0.04283541079  -0.07334505919  -0.01509375812  -0.03235088998  0.006159655844  -0.003414233686  -0.007748134389  
0.01310647919  0.004982655785  -0.07004553239  0.03571477216  -0.004213111073  0.02190439564  0.03229631928  0.03805666082  0.02322148612  0.01325121098  0.03301816738  0.02929830382  0.009500773971  0.00925818725  -0.01666248969  0.04139832277  -0.009872994203  0.04139540432  -0.01411809367  -0.0121709321  0.01671163036  -0.04090858289  0.01495688181  -0.02401481592  -0.03188250809  0.02062550341  0.06674896162  -0.0191550928  -0.009100749646  0.0490493127  -0.02865360368  -0.04236847093  0.0005279519374  -0.06817604717  -0.03242658919  
-0.01159027544  0.004220457367  0.03615273405  0.08371715885  -0.03115299207  0.04548969769  0.008710424698  -0.00141781363  -0.02170029532  -0.04686703648  -0.0251393351  -0.1021284525  0.2240221268  -0.04205562733  0.02393526661  -0.02543048056  -0.009246181704  0.007248818688  -0.004243235187  0.0008022236996  0.05531531133  0.0353401727  -0.01680218594  0.01608722608  -0.05027067329  -0.04638745152  -0.0352781178  0.03129499044  -0.06554722458  0.004899550196  0.02493522933  -0.04660200677  0.03356768227  0.06537523311  -0.05320243593  
0.0326373679  0.02187709773  0.001760206014  0.03380120623  -0.07076347281  0.006175474171  -0.06461365635  -0.03963450191  0.02012664067  0.03080073633  0.002658587223  0.1147574325  -0.1291676759  -0.02937408032  -0.00586716607  0.005891619995  -0.01144511223  -0.007335053575  0.06394171067  -0.01654129057  0.002738500233  -0.0243189946  0.04441294563  0.05112065626  -0.04419240746  0.07975742499  -0.08333563035  0.03776254814  0.02954677815  0.02663004926  0.03582966703  0.1086546274  0.0201727279  0.02797776759  -0.05728740405  
0.01958382081  -0.06033907496  -0.009864529445  -0.02245883973  0.1022149269  0.03708840578  -0.0002107946265  0.0007627279466  0.02133118652  0.09338373713  -0.02680383676  0.07039409952  -0.01670193157  -0.03506900732  -0.002896203445  -0.007189143447  0.09406149939  0.01109023274  0.06730424216  -0.03598684425  -0.07599329598  -0.01176491169  -0.0229718508  -0.09504759508  -0.009001613892  0.03391405952  -0.04678787307  -0.04596485988  -0.006218817196  0.05707561082  -0.1157318714  0.01876949268  0.07843793713  -0.09303317167  0.07136911214  
-0.01937390048  0.04588546258  0.03469097147  0.0104604399  0.01532538716  -0.08427728379  0.0755187683  -0.007403597186  -0.04436887866  -0.01402907653  -0.0973629285  0.08079406273  0.001941863352  0.0101357843  0.0005046304606  -0.03872149867  0.06115368116  0.05311089082  0.03179099928  -0.007923371323  0.1056770748  0.07384551718  0.02410281574  -0.02302282416  -0.1030110326  -0.05739436221  -0.02260658655  0.01949762343  0.1079839297  0.0885157443  -0.004709788742  0.1307362522  -0.03454364358  0.07694910884  -0.1011783693  
-0.03564274563  -0.0001207960816  -0.04508166678  -0.004138370028  0.03800126437  0.03488061843  -0.06050557104  0.02906815019  0.1276660673  0.005970875823  0.02898277807  -0.05837552016  0.06671384167  0.07636275769  0.005490262651  0.004281641756  -0.02727732405  0.01431128085  0.01559510942  0.01657830547  -0.004042870193  0.03202782638  0.01783531252  -0.04257345619  0.04626654102  -0.02365468009  0.009158795906  0.00380654056  -0.0914596702  -0.01010331855  0.046952236  -0.0744968163  -0.05757200285  -0.06725522318  0.03953658421  
-0.03842464139  0.03453788783  -0.02378802469  -0.07901239183  0.05197513936  -0.1338244588  -0.01629017819  -0.00723646029  -0.02859710095  -0.08392056616  -0.04437453423  -0.01072864026  0.030885229  0.02515777774  -0.0298154135  0.03364701516  0.0001323987667  -0.09880437602  -0.05679206403  0.03097161149  0.1033728534  0.05437041135  -0.04304269498  -0.02175543279  -0.007107654218  -0.107271734  0.1264642869  -0.02343304865  0.009749914745  -0.03676243821  0.1106210534  -0.0460999377  -0.04246554429  -0.01715337442  -0.1287859812  
-0.01092059262  -2.584439386e-06  -0.008596174725  0.006014894777  0.01325742324  -0.01469671031  -0.02907399142  0.03280920535  0.01787771502  0.006043615133  0.003637714573  -0.003883968332  -0.00528437843  0.05666699416  -0.009122396256  0.03175577501  -0.04342655069  -0.02656536087  -0.06326231411  0.0083732842  0.01404475437  -0.105926156  0.03141831662  0.03238183764  -0.02592000277  -0.0296505274  -0.002494879864  0.004042334933  0.1221985348  -0.01235046176  -0.03617818748  -0.06218460402  -0.05637634884  -0.03852959666  -0.05227538584  
0.04910505601  0.02372723445  -0.01924832667  -0.06307151818  0.01477901696  -0.03197583092  0.03004182747  0.01911620406  -0.0846112409  -0.05029283424  -0.01512730108  -0.0243837395  0.03123888549  0.04092073265  -0.01137915479  -0.04446829825  0.005299750343  0.03454102318  0.0436344194  -0.03361684391  0.06523387304  0.1010095325  -0.004882086357  -0.0154418449  0.0543207346  0.05391403876  -0.02040006419  0.01639062405  -0.3101610746  -0.2227819496  -0.09129364227  -0.01942527892  -0.1065062627  -0.01760294116  0.1296139861  
-0.04026871411  -0.0007075260671  -0.005748442532  0.04625081635  -0.01036944351  0.007233377526  0.02147136116  -0.00929332801  0.05865256183  0.02257210066  -0.03841559523  0.02361817974  -0.02721178473  -0.0618069481  0.01057872764  0.006429927349  0.04131018344  -0.01906899199  0.02905924544  0.06356410382  0.01192635158  0.1175541366  0.03199056829  -0.07791411641  0.03532744486  0.01926496946  0.09743390677  -0.03601791086  0.1529085209  0.1674451566  0.08148671165  -0.05614868321  -0.0523636333  -0.06936611504  0.05242096863  
-0.002579671035  -0.01226712493  0.01081419016  -0.006479905599  -0.02200239218  0.02572418776  -0.01330558452  0.009986694304  -0.02132982221  -0.02164502166  0.01012384391  0.01195862483  0.00312828486  0.01941664959  -0.01089042201  -0.01770363614  0.008533466664  -0.01338040331  -0.04611449243  -0.00877707327  -0.03907331518  -0.09270328208  -0.03395221456  0.04601383484  -0.01959998529  -0.02411775023  -0.02940284695  0.06689836195  0.05365324392  -0.03238888034  0.02213842483  -0.04849039674  0.02388047088  0.03923646938  -0.09542026249  
-0.006618971967  -0.009675270698  0.01663641169  0.0214774234  -0.005032048911  -0.01091190312  -0.006903268146  0.005303142029  0.01461069615  0.01189093545  0.02373133552  -4.502477114e-05  -0.07171077964  -0.01551544876  0.0007018462075  0.01506399686  -0.04467220003  -0.04955816621  -0.05837823894  0.007351756259  -0.04243624826  -0.06750716111  0.003237524251  0.04753368763  0.05486131758  0.0383572163  0.0520161693  -0.0006066570437  0.06348456158  0.03354862494  -0.03188905443  -0.001923941256  -0.02308792803  0.06983541575  0.0344310218  
0.06481481108  0.0007645982285  0.0175645291  -0.06442724634  -0.01392218763  0.0102969709  0.04148852118  0.02342802037  -0.1199993571  -0.01549999622  -0.03822869662  -0.03523437838  -0.02108812387  0.0502091651  0.04722400822  -0.06385076386  0.009639047299  0.03079147078  0.008899763166  -0.01510766529  0.08252675049  0.1076251794  -0.02021246516  0.06154340378  -0.01031304043  0.01171721863  -0.0985695702  -0.08416734184  -0.1086308162  -0.1756926023  -0.07499288214  0.2345289324  0.06804016516  0.06052158452  0.009700982713  
0.01496236597  -0.003289718073  -0.01561309216  -0.03251650382  0.03954644871  -0.04569572104  -0.01349628765  0.006919980743  0.008112525224  -0.03809192083  0.0002684101542  0.02402764104  0.02271993711  -0.07777612809  -0.01094484903  0.01856064201  -0.03227133249  0.01622734689  0.01354529457  0.01703301156  -0.01914429362  0.04546627312  -0.03281158128  -0.006586926964  0.03777773047  0.02509415497  0.02809983973  0.08679086656  -0.1267423395  -0.02109602466  -0.04845063491  0.06625480897  -0.08750804097  -0.1491567718  -0.1471359942  
-0.01154411561  -0.01652703266  -0.01263253515  -0.02756526646  0.04425005375  -0.04400908349  -0.03197407603  0.01635306566  0.01588182914  -0.002848834769  -0.02055554608  0.007622848237  0.01602435165  -0.008717366302  -0.01390692357  0.01114751327  -0.04020623141  -0.02535124686  0.02047877275  -0.0167186018  -0.01491194131  -0.01892415723  -0.08210869623  -0.02507624208  0.007576416749  0.1015854439  0.03548814878  0.03579445389  -0.05833233709  0.04929939524  -0.001566034444  0.03920540004  -0.006674785739  -0.03669091419  0.01119375429  
-0.05732312176  -0.01228630417  0.004098625823  0.01616186625  0.03069313489  -0.008420201334  -0.007344753782  -0.01997851821  0.08128183072  0.007991074991  0.00621308986  0.03172449872  -0.04227324153  -0.04769624442  -0.02162734594  0.03798934941  -0.04156654434  -0.08286584327  0.0225730218  0.07751897311  1.029100206e-05  0.1055085014  -0.07057745689  0.005008635703  0.05785550733  -0.003702241741  0.1034076392  0.01656383601  0.04182481775  0.04927497704  0.1315177163  -0.04090320398  -0.04035563499  -0.09974935328  -0.1242792029  
-0.02931261903  0.0007924493082  0.04038213879  0.08052755983  0.07168699326  0.03368870586  0.05308148662  -0.05354470618  0.04144022027  -0.002989922885  0.00516472137  -0.02203296679  0.003920536416  -0.2891058191  -0.01407318633  -0.1393883864  -0.08015322217  -0.08766069428  0.04528850695  0.04016292327  0.003306940011  0.3444503193  0.002941141392  -0.0942162419  0.09522276129  0.1687292982  0.1454091344  0.01832854169  -0.338765106  0.2089449854  0.07108246656  0.01673512808  -0.3312937213  -0.1760746932  0.3108653543  
0.06008419145  -0.005450761445  0.0008076902005  -0.01585875314  0.04543084943  0.0217397126  0.0274415314  0.0495030226  -0.01653723411  0.04033122571  -0.006760011429  0.02251367483  0.07676813551  -0.07615988554  -0.02118344553  -0.04486276327  0.007091116386  0.133386422  0.04109307259  -0.03529895448  0.0465075931  -0.08573924316  0.01091494668  0.05146274686  -0.1148401978  0.05427655023  -0.1304420482  -0.0379055797  -0.157954527  -0.2284228278  -0.06592359798  0.04500551194  0.08174337731  0.01445717093  -0.0815187457  
-0.00518402004  -0.03596696198  -0.0445421573  -0.02559125787  -0.03358903643  0.02794654048  -0.03525313013  0.05876585664  0.09137927774  0.04863740941  0.08013922624  0.058234557  -0.02363938335  0.2077014927  0.02411249128  0.06046166549  -0.0340291516  -0.04488788373  -0.06987226752  0.05614679297  -0.04793410053  -0.172179664  0.02931346572  0.008208840219  -0.06226277425  -0.001738629759  0.02119928913  0.008600163988  0.1769492616  0.009002689776  0.1612817141  -0.1145442083  0.1423305499  0.03021638461  -0.1831412766  
-0.01358695585  -0.001095580781  -0.01044041557  0.05149155567  -0.05275620776  -0.0002788735056  0.01601780592  -0.01499896675  0.02629210489  0.04124476434  -0.04244337055  -0.06095455115  -0.0850288299  0.0519269731  0.03415300145  0.08516170005  -0.05085261283  -0.09926537531  0.05403834631  -0.02583769221  -0.0401900713  -0.04514302373  0.000450955658  0.003874052532  0.02384043441  -0.07046096441  0.03161441091  -0.1099205512  0.2089418645  0.1136715535  0.08179232351  -0.1630534244  0.1685796849  -0.1413789967  -0.01982829626  
-0.03245176497  -0.02277978323  -0.01906166296  0.02701278675  -0.01625974896  0.0257408532  -0.06382021641  0.06115076075  0.08843933301  0.009030408585  0.05442285437  0.02210711115  0.01429095464  0.09532398381  -0.0007576716548  0.04556269953  -0.06665178416  -0.03078881159  -0.09246918669  0.03944433982  -0.03615327683  -0.1233960306  0.0481205366  -0.03946575216  -0.04879384139  0.01084160264  -0.01911249435  0.03515884716  0.1924258974  -0.008508946245  0.07838361379  -0.182687888  0.04445651176  -0.004760367719  -0.0001788474564  
-0.0007268403201  0.01088900651  -0.0131370622  -0.02372337611  -0.0670043648  0.04231243795  -0.06927228159  0.05444127309  0.0121543073  -0.02460210158  0.04275797814  0.02636490179  0.009024751357  0.1732079907  -0.003609901296  0.1114755748  -0.05016110398  0.0186299381  -0.09800274748  -0.01397428556  -0.01107834912  -0.4549108248  0.003903225064  0.1011851398  -0.1581110618  -0.2566688426  -0.2101621001  0.0845159002  0.3940285871  -0.341768008  0.09011314883  -0.1059853265  0.3912933163  0.06698410133  -0.5690860147  
-0.07446743789  -0.04898733393  0.03127018316  0.1234138518  0.06004749621  0.08038327031  0.07198665103  0.004955245785  0.06377512984  0.05600735815  -0.01303048977  0.01747738577  -0.05597824705  -0.05947992969  0.07478655325  -0.06196535658  -0.001320267395  -0.02437915161  -0.1293072275  0.04806900972  -0.06468028156  0.09590020276  0.09237666768  -0.09070947218  -0.07304283799  0.0989064444  0.09407709041  -0.04042298153  0.1286568788  0.4005145512  0.08018599265  0.06381765208  -0.1131695333  0.130333128  0.04860022885  
0.01662007973  -0.01382051549  -0.004033636221  -0.008081702873  -0.03482066912  0.06038330094  0.02035476054  -0.06270111476  -0.0117263575  -0.001895069828  0.03159250535  -0.007463983591  0.0482379086  -0.1752645959  -0.005732999402  -0.04931165648  -0.01755008063  0.02765411839  0.03896645375  0.003105693128  -0.02242696597  0.05953073822  -0.033518864  0.1150577098  0.0475586783  0.05937190058  -0.07557361038  0.02700425436  -0.1420449023  -0.0295786867  0.1249785233  0.08546522416  -0.1324181291  -0.04487168775  -0.2366423962  
-0.1404121306  -0.02218036676  0.04812173525  0.09590564365  0.01292870401  0.0176978933  -0.06159866621  -0.01022071808  0.1180467666  -0.03506520189  0.0482037068  -0.01091319679  -0.07095989892  -0.005395691154  0.08568885054  0.115944896  -0.08170571206  -0.07331070857  -0.1143518545  0.1893448266  -0.02276923587  0.02457576234  0.01355039399  0.03091723495  0.05522340045  -0.06351769352  0.1632703335  0.1301443554  0.3512934859  0.35226832  0.207628807  -0.2801521686  -0.1756732537  -0.07457587922  -0.1610644842  
-0.03404730366  0.01865073884  0.03711996494  0.1246106387  -0.14733931  0.08283127781  0.01894805793  -0.05842512699  0.06976139861  0.09272046433  -0.07744715421  0.01671972116  -0.06621474279  0.1842556171  0.1029885565  0.07660356913  0.06693528851  -0.0744137686  -0.05942617617  0.0653709898  -0.06253643628  -0.03806484812  0.1749402462  -0.1978972436  -0.02050232818  -0.3486108826  0.05492422292  -0.1559267655  0.5432248763  0.2852281821  0.323737147  -0.2881170898  0.3427314049  0.131598602  0.06792579395  
0.08129729998  0.02378895337  -0.01024212716  -0.0994950088  0.08595433941  -0.06249324059  0.02621052136  0.003429152906  -0.09956970779  -0.09384339933  0.001999581617  -0.02870820678  0.1159398415  -0.1081704006  -0.1726723089  -0.107597859  0.09326265759  0.08301511862  0.2348376513  -0.1042435104  0.1420499804  0.3482313603  -0.1276290091  -0.07931747169  0.1126320573  0.3229665131  -0.06895024276  0.1396749565  -0.676764015  -0.3105526209  -0.4694154447  0.2269056213  -0.3911412595  -0.3057948727  0.4647630169  
-0.01696964883  -0.0102077156  0.008772372801  0.003206038598  0.009834427248  0.01029456366  0.04142258498  0.02360709113  -0.02795755475  -0.05570571456  -0.01848001897  0.03743398362  -0.0007736885054  -0.04648028637  0.008905831701  -0.08602754042  -0.06907848817  0.02589023805  -0.1845082693  0.07867508523  0.05288148706  -0.01927217879  -0.08706347634  0.09595415722  -0.01397824378  0.05283901892  0.08321999835  0.01083114897  -0.003507383137  -0.09029583022  0.07351942707  0.244598309  -0.1190055094  0.188152791  -0.2116174436  
0.07609736838  -0.01427198661  -0.02682866782  -0.09933980447  0.1561215416  -0.09017007417  -0.02034797219  -0.001963449486  -0.05178753883  -0.08183567177  0.03836698298  0.02308205899  0.08003317899  -0.3719742934  -0.1110811568  -0.137604197  0.02434578665  0.06351427321  0.08690298271  -0.119211156  -0.01330851262  0.2462041194  -0.1755903964  -0.09327164031  -0.04050083784  0.3256659958  -0.08274411912  0.06788785354  -0.7533663229  -0.03334871449  -0.5471262219  0.5627393185  -0.5772784175  -0.1897976072  0.5693808366  
0.03712683676  0.06397046322  0.03727411925  -0.02058592079  -0.09689952684  -0.03160210322  0.081061953  -0.04735478085  -0.1778218748  -0.09428324878  -0.1375105894  -0.03653971447  0.03198963937  -0.00866037433  0.03050225681  -0.19570152  0.05507646852  -0.02630570552  -0.04645437603  0.04806735007  0.02688819286  -0.02442494331  -0.06085161238  0.04859944112  0.1283943686  -0.0925213265  0.07757466514  -0.02695445324  -0.1593272098  -0.3624954245  0.3825663303  0.04745058648  -0.2874446954  0.3215128232  0.003186837624  
-0.04437689648  0.1001236473  0.02138111765  0.03184775974  0.0810983442  -0.09104894102  -0.01461429986  0.0003142782154  -0.09709246835  -0.1960176011  -0.08554211326  -0.02141209926  0.1174719318  -0.1485681449  -0.02765848907  -0.3086943355  -0.01223304058  0.01566257601  -0.2643357675  -0.01048514356  0.1911102471  -0.02766029079  0.1377209103  0.07504066754  -0.2279011415  -0.02472895875  0.1398270283  0.3306057485  -0.06975938061  -0.3927606008  0.05842179511  -0.1325417758  -0.8687657031  0.3697898629  0.8387752202  
0.007000732301  -0.09537470625  -0.06031475649  -0.09703067625  0.1006839556  0.02820931756  -0.03496331116  0.04396833752  0.01296677141  0.02912164133  0.07792658499  -0.009598375261  0.01913645147  0.01536422456  -0.09186618314  0.2839740452  0.07148482932  -0.014605972  0.1339519959  -0.09621341823  -0.2051001878  0.1733799777  -0.3179612281  -0.07803207416  0.1713647018  -0.05532467066  -0.05629885781  0.1406574311  -0.0490957393  0.543735889  -0.874354165  0.09623746597  0.1462508327  -0.8145701438  -0.02479101566  
0.03941840543  -0.04334577986  -0.02393819456  -0.003842899919  0.1351182361  0.03781215316  -0.03412456154  0.04399257799  -0.01381192788  -0.1097963802  0.02204169554  -0.05750299645  0.1684016975  -0.4087520649  0.07548787317  -0.6162538796  -0.007022514572  0.05212759976  -0.5504251322  0.1173134163  0.142710572  0.3973029411  -0.3797106875  0.04108347658  -0.0412389283  0.496086586  0.3878716387  0.0799900676  -0.8668646622  -0.059338348  0.08606668817  0.4554425485  -1.754192807  0.2836567282  1.051115236  
-0.1530249504  0.0971188422  0.007086252616  0.2460927044  0.1635347351  0.03456748629  0.03182086534  0.016567529  -0.08213981291  -0.2059216533  -0.003861455588  0.1664481214  0.3042014982  -0.1817708215  0.5182155414  -2.105747071  -0.03933726988  0.01107528553  -1.347338971  0.7718500698  0.5640763858  0.1593442895  0.2515780534  -0.348481422  -0.5742301683  1.286533086  1.359686488  -0.3652677017  -1.06715604  -0.998277327  2.72719587  -0.0668698024  -4.165863818  2.532542255  2.325328267  
0.0904885579  -0.1438600554  -0.06575072152  -0.1666328537  0.01782542157  0.09667097909  -0.111649618  0.2151547695  0.1952748379  -0.3633409051  0.1346799388  -0.2026594067  0.06303669479  -0.1490187827  -0.5828414973  0.1168789197  0.06745423213  0.4852383273  -0.2741597844  -0.2857683971  0.1528437103  1.258617973  -0.6969895907  -0.4207733639  -0.405284381  0.338068496  -0.3289593205  1.06576961  0.2271638026  1.121826918  -4.281545645  3.195363284  -1.127522959  -1.526510794  4.725598435  
-0.1009961816  0.3409902602  0.1708995751  0.2886945364  0.02516123964  -0.01180263369  0.106854228  -0.8099322371  -0.07409296559  0.5881373883  -0.5428311177  -0.2782573184  -0.5190272456  -2.006312225  -0.06039489407  0.08804622407  0.8478055944  -0.3861116223  -0.5123134877  -1.104415946  -0.4086445018  -0.5771016172  1.396482033  0.2085545301  0.0765160851  -3.610271735  0.6359846429  -1.040368089  -0.4794120908  2.874228109  -0.4771602182  -0.42284835  1.291854427  3.520765611  2.566283441  
-0.2131936202  0.2976546181  -0.0128329377  0.0394918566  0.1774592951  -0.3908849875  -0.1561983857  -0.3229085054  -0.1949248234  -0.6955240092  -0.1466214125  -0.1415015429  0.1885646144  -0.6903126837  0.1117076673  0.6280153367  0.1184563469  -0.5425061081  0.4825511735  0.1462540286  0.1070623553  1.499393536  -0.2262542865  0.3572014983  1.712259488  -0.5752791823  1.697439102  1.673281072  -0.9260692829  1.716169444  -0.8564492986  -5.246495984  -2.391106235  -2.976592445  0.08789290556  
-0.3691612135  -0.2517452243  0.008706946969  -0.006286628625  0.1551424434  0.9234628871  0.1784543343  -0.08761341776  -0.1870578865  -0.1344379124  -0.2028860586  -0.3638028788  -0.4057183708  -1.518294888  0.7224247531  -0.4461227968  -0.4928714313  0.1092517703  -1.923866663  0.6734269997  -0.7907563919  0.447480849  -2.121003619  0.9551810456  0.9516220114  -1.470195175  1.24431016  -0.05556969049  -0.5300715645  1.948779429  0.03969750118  3.267716107  -1.586444988  -1.06515047  -4.330054128  
0.1680966153  0.04272912712  0.06389821769  0.14384911  0.0323931805  -0.3757239962  0.2084084348  -0.651374281  0.2119752411  -0.2791252726  -0.5326333303  1.587407305  1.005818021  -0.1929683937  -0.763093858  -0.1663914576  1.121874189  0.8998107408  2.046187339  0.4630765014  0.9705369891  2.923372606  -0.4138987156  -2.709311819  2.10702013  -1.197549503  0.6465871945  -1.808621641  -1.351192407  -0.3687324205  2.155880809  2.043137555  1.269344658  -0.9489365105  -0.1686685052  
0.1379099314  -0.3963639714  -0.2352754369  0.102744056  -0.01102426699  0.06886944566  -0.04968905914  0.7249654892  0.4836042632  0.6864873122  0.8308177633  0.2829632068  -0.7057463426  2.135980343  1.30911852  0.3313760947  -0.377164581  0.2259744367  -1.178047616  1.317323583  0.1028055602  0.7306105492  -0.9783623008  -1.002712684  -0.7789814621  0.8969661962  1.701352603  -3.078099309  0.8383604281  4.211860686  1.138637659  -1.075441561  1.028983178  -0.9771429064  1.672814025  
0.3156589689  -0.6278768533  0.01348215559  -0.141617984  0.231671259  -0.0417866091  0.02276802784  -0.3330226046  0.6192140379  0.7259634483  1.33692793  0.4692272828  0.59776736  -1.897465288  -0.381937984  0.4405716547  0.8304300303  -0.7431210135  1.298439564  -0.5779692112  -0.9197793297  -0.07114288551  1.044000845  -0.5230792297  -0.09240907824  3.937558143  -1.59121331  -0.6171080549  -2.374463709  2.74828103  -0.7365994256  -0.2870998838  -0.828082599  1.763547078  -2.082105643  
-0.1697982947  0.1998949355  0.1419137313  0.2819334606  0.1816760581  -0.07101520184  0.1671518592  -0.553729088  -0.2668784655  -0.1486530095  -1.019501301  -2.036123434  -1.119404484  -1.585144055  0.1988812755  -0.270895574  -1.710530372  -0.3942797506  0.6081783925  -0.17403795  2.044855448  2.242076205  3.249148569  0.4259689664  -1.277774184  1.683884501  -0.3258854516  -2.47103342  2.091558846  0.07342095745  0.08392546593  0.6269073566  -0.1943076585  -2.07031108  -0.7506184325  
0.08957142323  -0.3529571653  -0.18643803  -0.08148943186  0.1559446083  0.2876882816  -0.5305477007  -0.02664347293  0.7078874217  0.1525001636  0.7598796535  -0.6226100111  -0.4537387967  -1.085000754  -1.420506028  -0.08653270507  -0.7615411501  -0.9599559418  -2.208017715  0.9474822851  0.02863139439  1.070868709  -0.4725281783  2.822785294  1.670329936  0.09582931983  -2.593307254  0.3163941009  -1.976316399  -0.6700084142  3.268451708  -0.3266754024  3.098473484  -1.800376584  2.878778416  
0.2042237143  -0.2395611772  0.005316033619  0.2743368077  -0.1301195174  -0.6403574459  -0.3660867791  -0.5217003721  0.2290681852  0.221589759  0.09566574573  1.41966606  1.434223046  -0.1764468344  0.4337904688  0.9837018611  0.5300891357  1.239209928  -1.555808283  0.3619292707  -2.048467735  -0.1889620927  2.675587917  -0.2247514517  -0.1790978297  -1.402338644  -3.176403909  0.8250612014  2.918553126  1.080257759  2.125394915  0.8047953674  -3.098169206  -2.3204956  0.1943342807  
0.3964811762  0.2593002471  -0.2135709207  0.005533369072  -0.06552114558  -0.05860710802  0.2138065938  0.2094810787  0.4458945434  1.274230255  0.6074589463  0.4130669983  -0.1416113098  -1.545563064  0.5715972464  0.9923896284  -1.341241686  1.805104316  2.291259693  -1.754901008  1.42162274  -1.100081365  -1.969569572  1.076944117  -3.990688369  -1.617453823  0.3793931064  0.376863394  -1.656303393  0.03198980379  2.358400348  0.04604320964  -1.170747876  -2.414781774  0.8288233794  
0.1794266858  0.2206772307  0.1716867723  0.2337808667  -0.08962608762  -0.7754157896  0.01040140705  -0.1332978413  -0.275015778  -0.8329188829  1.215033906  1.312223719  0.05758677328  -1.853400911  -1.067665725  -1.32657811  -0.5168353661  0.5498082844  0.5001549592  3.902566519  2.924884521  -2.192621904  -0.006260913014  0.1252931506  -0.06998075476  0.6089413876  1.005336023  2.460722162  2.084467283  2.039028566  -0.2598311115  0.5263818236  1.9238386  0.3469167829  -0.2249130757  
0.4670819033  -0.09696178715  0.09101574128  -0.2256580609  0.1057941634  -0.3296004282  -0.1353732535  0.1841398896  -0.1625753935  0.4349586217  -1.022855271  0.7738903739  1.836692593  0.692600891  -0.4255222055  0.4837742542  -1.963467283  0.6737289891  0.1235726831  2.340126234  1.256256144  2.031327296  -1.382234621  2.988841537  -0.4326364575  -1.478901949  -2.545307163  -2.508766463  -0.1362793538  0.2074638951  -2.62741565  -1.659468864  -1.462717328  3.274062362  -1.100733358  
-0.6484950275  0.1337620203  0.5275694402  0.3211038657  0.0930767734  0.02158778792  0.3617872798  -0.3609411348  -1.420465113  -1.577449286  -0.8721710012  -0.2818978534  -1.496544443  0.9266304712  1.804331328  0.7332513289  -1.715849884  -0.3923770918  2.280712404  0.5705417719  -0.7279153362  0.1143035357  -1.835002368  -1.424002208  -0.1255361068  0.4635304105  -4.362659986  1.90354205  -1.024946998  2.538031326  2.014423843  0.4741613651  0.004408878058  1.706955525  1.285010276  
0.2865197107  0.05037408213  0.5157393833  0.03190796732  -0.1912912141  -0.7325129028  -0.4552956717  0.1145211009  -0.1402186058  -0.3331063105  -2.288689212  -0.6065215267  1.32143339  -1.840719332  0.005150513608  0.8313786788  2.346644604  0.3690154683  -1.375091519  -1.979793539  0.1718994164  0.8008320534  -4.12388574  0.6263618036  -0.9538239038  2.953820736  0.3140964474  0.2403850033  3.173639716  0.5603486091  1.548668559  -0.6948152113  1.403886444  0.8518225028  0.3914432747  
0.2188322709  0.1686604438  0.139552267  0.1810537494  -0.1606076338  0.9137485614  1.260733469  -0.2294017645  -1.838299811  -0.1714681316  -0.02587934653  0.6792331735  -0.08939358414  -0.5544809709  0.6140452625  -1.220730683  1.974412469  1.88756339  -2.944019318  1.135639851  -0.2932333819  1.421303219  0.6280009193  -1.360285135  -3.434762374  0.1519768886  -1.61603603  0.4603295486  -2.225205324  -0.5129191075  -1.529184719  -2.512988405  2.393619842  -1.805363364  -0.8639908034  
-0.8500630259  -0.5809449755  -0.09852298868  -0.4217414093  1.276282319  -0.05917853482  -1.419718972  0.3264619958  0.3024060586  -0.1972497  -0.7340526688  0.2019106643  0.4040807446  -0.6313627149  -2.076063571  2.025106079  -1.747059758  -0.7425487592  -2.014631954  0.4317904208  0.5151976857  0.4609454708  0.1908026208  -4.493582193  -3.084107452  -0.9302854123  0.4648129347  0.9028424672  -0.8095907452  -0.7401894194  -0.0190394519  -0.6043836228  0.6190926689  1.117800413  -0.9482536986  
-0.1003478149  -0.1496761705  -0.04285077482  0.8385538159  -1.020230549  2.187266441  0.3992436007  0.2685930634  1.625799428  1.234125101  0.06369096071  0.1420983106  1.491561177  0.2411123866  -1.216096618  -2.15611591  -1.186157798  -1.317831172  1.181517215  -0.9253709679  0.3248523384  2.789874514  -0.408962881  -1.201555439  -0.9134484959  -0.5730440585  -0.5419676474  3.385479799  2.110485592  0.8801099144  0.2732207558  -1.263047147  0.1998460188  1.209681135  -0.2810560575  
0.2686873589  0.7776880898  -0.1104167245  -0.8280174506  0.6672034055  -0.7846932511  0.1433696747  0.6032871243  -0.4502221342  -0.155694522  -0.04972241481  -1.015738158  0.5429330878  0.7158252934  -3.069442507  -4.481579566  0.007443754134  -1.641109712  0.1513618844  -1.557228747  -0.9357887465  -1.843716866  -1.504123829  -1.588829341  -0.7000407043  -1.332833083  -2.655526768  -2.190052758  0.6134330028  2.528792132  0.4250576146  -0.5873709866  -0.8584004634  -2.501308378  -1.044639141  
-0.7930736794  -0.5097539084  0.267314849  0.05839368852  0.8689623855  -0.7895017578  0.2561376739  0.07569438906  -0.1732488861  -0.05081445002  1.136833707  0.7913165543  -0.6808868025  2.79119403  -0.4780338209  -0.3764486853  2.412098077  0.1203808617  -1.259354529  -3.634410051  4.877608863  1.894891908  1.109523936  2.692082355  -0.3506079639  -0.7290240816  -0.9086797302  2.368870553  -0.5202696354  2.181240303  0.7414500149  1.064341804  -0.3014849208  0.9897775115  -1.774215337  
-1.609477872  0.599541392  -0.3564895208  1.153938732  0.6515093852  0.6996634441  -0.9746821466  0.1857131906  2.913809187  -1.350022394  -0.8595144115  0.0677560395  -0.4228909795  -0.09714964972  -0.1118604425  -1.56547521  1.783019884  3.820887865  1.503396508  0.850298431  -1.141238755  -1.199036815  -0.2757879941  1.571620352  -0.5650537518  0.7896144268  -1.629272624  -1.855622364  -0.6742134163  0.08071074467  -1.3604067  -1.056306354  0.6340129525  -0.5316185229  -0.2306023671  
-0.5231579459  -0.5768495352  0.5866388232  0.1270602565  -1.096518121  0.9301791273  -0.1099191452  -0.6331418526  -1.540719152  -1.534170368  2.738272282  -0.926908967  -1.345117544  0.06507789826  -4.872834418  2.067652247  1.999192351  0.385430756  1.428645901  0.9725810345  -1.013496003  0.6824486881  -1.246393937  0.9431395004  -1.939564741  -0.8413477117  0.533903029  -2.876143014  1.55550538  -0.7205808127  1.205275527  -0.5574894388  -2.881157864  0.7227568302  0.3797596229  
-0.8060010522  -0.2051263251  0.1799322072  0.9359843041  1.327176773  1.142722522  1.61747802  0.5615582376  -0.8643647679  2.812863948  -1.802070009  -0.1785205947  1.098042766  -0.07308310547  -0.6228310155  2.114634827  3.003470555  -3.153285508  0.9989316098  3.004732191  2.368191313  -3.235131798  -0.7840661288  0.1492687809  0.8040597371  0.2683978648  -1.357882307  -0.8575269394  0.1791179616  -0.8603944027  -0.1036664427  0.5391491098  -1.942002519  -2.630199964  1.838043855  
0.0880656815  0.006207315927  0.3975707026  0.6142106719  -0.3975870748  0.8017700747  -0.8246542215  1.366077151  0.5982587419  -3.611381067  2.056828111  1.075658299  2.796025601  -1.542061646  3.801982331  0.3434679669  0.7248857277  -4.327203695  -0.3425015808  -1.41087148  2.415137232  -1.012026727  -0.01847691546  -0.4889561697  -1.205427042  -1.948402344  -1.445316  -3.214459059  -0.3377565002  -0.9857342279  -0.8723849857  0.1160701198  0.5587256615  -1.422974395  0.2489854807  
0.0407519954  0.8822163809  0.3562562376  0.5099899378  -2.852666001  0.5342267044  -1.28184906  1.734762975  0.0720156589  0.3785773989  -2.653507951  1.117183119  -1.536698625  0.4100708834  -2.541758559  1.493920281  -0.7500337882  1.021922749  -2.646340121  -1.23749727  3.549586887  -2.660376054  1.170849958  -1.975082716  2.359653299  1.377069627  -1.571284431  -0.8192949516  -3.574088775  2.111865811  -0.2159637218  0.1217870218  -2.127943813  -1.091008284  -1.248831196  
0.1380011853  -0.7048178454  1.052648547  0.551468474  0.2130558467  -0.4647562633  -1.262466521  0.9863112598  -0.4411164271  0.8912029747  -1.6648467  6.196654971  -4.992316185  -1.021260754  0.009549226701  -2.379979955  0.297240035  -3.179614843  1.296315411  -0.3194936496  -2.323652887  1.579796271  -0.3188043973  2.097051767  -1.60911318  -0.1699438327  0.3754236753  -0.5490519236  0.8352579751  -1.971487468  -1.395856705  -0.5084458431  -0.6286299482  -1.51706433  0.2194158244  
-0.5500923572  0.08522134984  -0.1110474809  1.263793507  0.5441152728  0.08188151774  1.707236504  3.036294927  -2.176520269  -2.143192555  -1.377763016  2.210113856  3.603405159  0.3808449173  -3.083000189  0.8957242149  -2.982453919  0.6254068156  0.6579184759  -2.145193903  -3.817096197  -0.08461456992  3.218084426  3.907777727  -0.7590003746  1.854522068  4.063480747  -0.2735196714  -1.528232499  2.422578141  1.750246758  1.486528376  2.808527676  -0.6205836692  1.330262328  
0.4209833928  2.665991445  -2.439271095  -0.05007600558  0.156059516  -0.7225413189  2.453553059  2.810611833  1.775365732  -1.043671579  1.117036599  1.111960203  -3.245309331  -1.508520007  -0.9294840069  3.277550289  1.589847679  -1.869261859  -1.543389116  1.116568762  -0.5076794528  3.296338554  -0.6449460544  -0.7914784725  -0.3781534378  -0.2199121989  -2.11112096  0.4521857287  1.652957074  -0.7907167579  0.5381266273  0.7159448506  -1.904010469  3.237965123  -1.610516967  
0.2137030819  0.584020854  -0.2149182388  -1.197790948  -1.511859229  -0.6701026657  0.1845618447  -3.067859887  2.501883446  -1.49820244  -3.469838786  -0.2512673518  1.19165896  3.363051691  -0.4565210299  0.4525901482  2.648297072  -5.056213618  0.7675866711  4.301650123  -1.339705618  0.1120161594  1.671809362  3.656367649  -6.835243185  0.2826269357  2.599471866  1.77806887  -3.943004814  2.557709578  1.139855895  3.170344133  0.5396133516  -1.760633984  -0.5510224394  
-0.6679031828  0.1384121247  -1.632174595  -1.599142819  0.5234652754  2.283807347  2.535943837  -5.612261629  0.4113576955  -1.949182794  -0.6328239339  6.497716221  -0.2896046485  -0.02461445582  -1.108862573  1.047444786  -3.828426105  -0.4473788658  -2.704856522  -4.613577166  2.173494628  -2.994639895  -2.218985906  0.1733964838  1.756533305  3.332513748  -0.4463482123  -3.495534519  2.885070666  -0.443203792  -0.9252618447  -2.271268267  -0.2258832984  -0.6980804345  2.277330747  
-0.4152584939  0.1592728824  0.6088070003  7.51917215  -1.231949055  -5.766861575  2.546745573  -4.194906481  1.763076614  1.497773952  2.985892848  -1.347662143  0.5462144151  1.493117374  -1.906338092  0.386660743  -4.676671041  -2.778892407  -5.431960984  -1.847364662  -2.05032952  -0.65383646  -5.971531617  -2.370923701  -0.8506306066  0.5843231201  -0.2535709815  -1.785354131  -3.528386299  -4.022129072  -5.399617916  0.8564772241  0.3902222956  -1.609877957  -1.748298389  
-0.3020291323  -0.3655327202  8.142871604  -3.156300419  0.5939510278  -1.049307373  6.48111516  2.263529109  8.121590153  -1.52093242  0.2741943775  -0.4738618666  -1.346268682  -0.9921134535  -0.8240046861  1.549161519  -2.422966911  2.358528361  -2.788039174  0.1701395146  -0.9325368935  -0.9709380058  0.6976771395  -1.81679574  1.169333102  -1.343468531  0.120231588  -0.853382705  -0.2053217386  -1.945616385  0.07282601702  -2.367468403  -1.35271993  -0.7753692388  0.6445515474  
-5.022257271  7.476216498  3.482817035  -2.563319422  -1.084527068  -0.2446155459  -3.372871051  -1.860526605  -3.433751268  7.416889882  7.070188098  3.858949669  5.128164799  0.03879723208  2.574127374  0.8106636557  -1.721530599  -1.84206041  -1.772340711  0.1123976418  -3.063661063  5.056435275  -1.728670309  1.784812862  -0.5052317058  5.104819513  0.3673294409  -1.844968285  1.124051283  -0.9023996764  -1.453217851  3.640011905  3.088983504  -1.265270634  1.540893753  
9.22451053  7.239901566  5.478954245  5.910471728  9.831557234  7.995972737  -5.523622833  -4.945706974  1.156222775  -3.440898479  1.570655402  -0.2005973469  -3.105212907  7.644681759  -5.206331588  6.474754742  -1.346228778  0.8489595027  -2.456511329  -1.662129073  -1.072381764  -1.03439502  0.3548953615  0.8355913665  0.2741908638  3.268057053  3.626610795  2.7833758  -0.01865155496  2.754359186  1.703959669  2.997830361  -2.469896706  1.684621983  -3.908633402  
