6.345552259  309.4200043  263.5947366  100.2993086  45.12664923  23.78322249  21.62527263  56.93932405  93.75373845  26.56809225  29.79841825  408.9251243  5.356091357  180.7564556  395.4883675  192.7559845  49.29810541  176.3043166  261.6344453  39.84443443  59.79353983  111.0584728  116.8223615  30.40797821  349.0790878  123.045536  119.3072043  97.9684929  31.58894769  430.8254487  36.72150143  15.90736827  106.2360031  103.2687715  74.50403438  
19.11575292  323.5631918  220.0392944  62.02151618  30.99015406  16.45652657  28.17447527  59.15553228  96.9589815  24.92769446  54.7866022  334.6292525  8.03599698  368.8032975  310.1172412  235.2271593  61.25620099  239.3292747  142.0629552  89.26963945  153.0624136  90.64367043  49.3526615  34.58561923  318.64021  143.2836881  320.476752  50.88245092  0.2372516895  389.7249006  93.53092532  50.3156111  29.98194833  50.50426557  142.0246656  
42.55064106  304.4827063  193.0207192  39.68884834  48.44683874  9.497854627  44.05212376  161.0117168  102.1149688  36.11045115  92.51131616  235.1140522  11.17072897  240.9284027  183.7981027  161.9040108  109.9083839  295.1417164  218.9292212  93.3317328  202.5743961  111.1211552  10.11506985  29.2861408  219.6652859  128.6029625  519.1838792  39.56954858  54.36495919  256.4553773  150.5159011  163.4052632  71.08090444  6.330601623  96.89304271  
67.57706011  255.7189919  178.3828704  23.83890516  74.13371398  0.1414369351  60.0065108  262.885076  117.3578367  53.61814063  121.3238849  202.1376444  15.10806366  32.51124096  73.25424703  190.8178738  274.996923  271.542117  238.3341067  57.68128285  167.4077408  100.2751603  0.7892543405  24.99365912  113.1216738  133.4607724  498.6344038  127.2188451  152.8265436  86.91638553  150.7874227  212.9719035  177.3162413  28.18422042  89.62001109  
68.70663951  202.5123328  200.1815177  13.42420177  76.89917452  14.69425581  77.32376422  286.3069405  135.4879771  51.98108063  132.8689061  200.2249392  27.53258875  23.09437538  13.07099151  317.5312451  517.5966393  236.4451607  155.9015808  15.35126691  140.3496786  28.77589085  36.50486992  60.67665443  57.45761238  208.0376866  235.8021874  257.8306534  155.5639722  15.69564466  61.94977258  117.4874354  225.4442039  132.5990625  110.0922631  
45.1379977  219.8299943  235.6005419  3.95045898  115.838041  57.91329015  93.0365404  256.0047939  85.64075608  18.87720226  76.03829822  217.8688852  41.53731218  97.97108252  2.490526061  256.3686152  562.3691688  148.6665847  170.1520543  16.01653613  88.77903361  9.689603287  151.7700088  116.9789075  79.45245875  225.4147577  27.09122348  309.5042744  41.28460855  78.2229596  34.27791258  32.15352663  136.1545311  202.5110861  30.76516519  
11.16033192  216.0900713  248.6664961  2.709913264  158.7786652  123.8086529  122.9446164  250.3076611  30.81543277  16.40612426  85.4469069  177.6243874  37.47986074  114.0088451  16.4029066  67.10519283  424.3069138  72.1636146  308.8051324  52.44776067  79.51110277  54.22533735  287.1411308  180.7005218  134.5535491  133.1484303  38.5759082  233.8295211  3.017393942  134.9925542  114.7733348  12.77237026  23.42878565  186.1202262  32.931336  
2.817270315  162.488166  241.9945146  8.190051057  156.60904  130.0039162  157.2719517  271.3545282  74.21688917  44.8389546  222.8559362  142.5015344  24.79914416  168.5898534  34.47241048  0.3905323517  197.5313291  30.16936844  355.9162656  82.22392303  102.3027578  115.8535207  264.6773474  216.9285842  153.3616235  6.950047645  100.0197469  141.5005761  11.99980304  66.58124212  154.4766776  13.13340481  15.49883343  146.7362996  171.063429  
23.41828176  104.4221482  240.6045375  13.60786935  143.9414221  94.42668242  195.1844526  266.4549494  153.936764  76.85483016  414.2057053  94.17809989  9.558273602  149.8568275  60.48700156  10.79036641  64.94026489  41.92094585  225.9680746  91.54162187  107.358912  169.6659583  149.5758041  195.2616666  73.58015433  65.78193554  92.02108627  102.6533834  8.507977399  26.44540055  98.38126602  43.53279441  112.3862494  133.8891076  227.5945683  
32.3949595  112.6930257  254.747041  21.38712481  107.7201406  79.97975793  209.5195078  216.0902644  233.4771955  76.21121011  503.9599308  65.05800643  14.00796786  118.0173197  73.67209613  47.60803897  46.1322652  62.6440202  96.27584174  82.01559663  70.3729913  188.6615262  19.27039728  142.3149667  29.60870971  113.156491  58.99650108  72.39522359  34.48959192  98.7372984  16.39104167  39.05369958  210.7095926  106.5371276  170.201958  
43.87851518  145.5463203  334.3019812  33.44419501  62.87554083  102.6889055  186.0965344  186.5786592  238.4781143  43.54122797  400.0693163  41.35274466  16.75641853  38.86196538  61.21281992  132.0114468  48.63355855  71.49196056  80.06551567  56.54405602  37.28285723  154.5670712  36.97505938  88.28739739  97.4151171  40.88633457  58.55466218  18.52288716  37.13520405  121.4083224  26.26365445  24.10340721  207.5987834  41.73796492  153.9749323  
69.14381888  140.6008634  386.5176655  21.52590296  52.34835125  131.2965394  177.6766024  196.0663032  180.342139  12.47266743  199.9114525  19.93121945  22.17041595  1.572565138  54.76586528  225.5463275  18.14989488  51.65212983  15.02106291  39.89543877  31.58850546  108.7967166  261.5722747  87.28687679  177.5776949  84.9007274  39.06164126  39.67392041  14.75410656  32.98381729  115.0895959  0.7751822611  152.554366  12.84772727  180.2633469  
84.11979851  93.44237812  392.3653033  15.64533842  54.37434533  163.4906124  213.1166446  160.0112082  84.02460542  23.00882996  88.00506705  7.208325125  26.50962288  9.946087561  73.17509129  203.1283394  2.397831758  26.01316224  19.91369573  44.38858045  37.65151794  107.7381761  479.9575337  160.3366892  132.9908384  303.4018421  4.611044835  204.8540382  5.840617714  35.00406299  145.8751629  14.01247783  65.54607598  4.505805941  110.6134381  
83.35779847  105.0179872  353.8251974  9.852399088  74.42081955  142.3250617  241.3722318  111.063353  27.80068737  65.39054984  59.50146477  9.013339912  23.57062282  0.9516907826  94.14681706  95.60370886  31.70651076  15.67124123  175.8545122  80.2599168  43.6126262  83.29341277  492.0661764  257.168882  41.80582284  396.6663503  21.22330191  394.7792097  8.593670529  132.027309  74.13967017  20.19768913  10.92066935  5.768630924  46.12338546  
82.09347415  170.0211942  301.2460698  6.214835312  83.56215345  94.0349  220.6773283  83.07107311  21.74433562  115.4775787  57.26028102  49.22914785  22.72032413  57.35190228  85.00502582  24.84028448  86.18305903  32.83480176  334.7617993  132.5533054  50.20169498  29.98527676  259.9531593  273.0718135  1.196403525  258.3220317  78.88871301  411.4848858  13.60289527  258.273634  69.97785047  43.03166332  1.671129824  67.75786657  217.9685232  
65.6898562  204.1467731  245.0552964  0.4824999124  115.626921  51.54657777  167.9544776  86.19924351  23.76526216  122.4427155  67.18527012  110.2716121  25.14142487  180.8716308  49.07789288  10.96459874  178.4503314  63.30467441  370.3984028  119.9407842  29.67936233  64.13835318  42.11060501  229.4695464  46.21217396  170.767145  144.028921  228.1069085  7.844145993  354.8684596  137.8954033  78.25822166  4.198301015  258.2550935  366.0638604  
57.94505717  184.1030296  217.6601717  0.09009688538  143.6915587  50.92005941  122.037992  105.3984321  37.45393972  130.7827659  100.2004695  157.4099485  49.73148953  277.0398164  22.57331458  51.81017049  258.5324527  84.08139195  242.6931442  56.28814026  25.99869461  132.101196  21.94031506  257.5035656  93.97345153  299.3757345  91.64384914  28.27674438  12.05762458  304.9610551  79.71619099  158.1625768  0.468037237  458.2204118  242.6304601  
40.46381325  192.4144236  196.3681064  1.458837437  165.8093069  93.90246336  107.2565077  127.2950564  60.67310484  109.9411243  96.46213036  124.968184  57.50420303  157.7341908  28.1712865  185.1229529  318.841044  72.34181142  88.76914847  24.99179984  106.9685515  197.0908653  103.9976687  393.4079936  75.88157634  385.0207397  10.25026623  22.20127538  9.649642876  174.8627251  29.73346091  126.5689476  1.976114303  420.7814224  67.91493864  
34.74799663  211.3555367  203.012718  1.932768941  169.6042983  176.8574071  92.19105155  90.76048109  68.01349645  61.40526588  36.64411321  53.7981715  61.523228  6.470621155  25.65820235  344.6040938  321.3852821  71.73629021  11.33413478  94.40270475  301.8546359  243.7894659  121.1146242  464.275207  70.3488307  220.3828312  31.7535245  106.2407552  28.1254102  82.20724198  186.9199379  22.34724173  27.92580853  202.1989785  40.11988814  
76.52648031  202.4850984  175.5975967  1.97132849  137.5626737  246.9995333  84.7686839  58.9787615  45.0420527  18.64382186  13.71223836  9.591891548  48.97802523  30.50895152  18.64866268  360.3078481  250.2145544  134.9326274  8.534705866  220.466811  430.4768882  230.1618679  43.59795524  340.9085954  153.5728678  20.14580901  166.1366253  109.4076569  27.14933645  10.05217194  369.3554098  59.49656329  68.48337574  46.2857141  59.37227442  
116.3288726  166.6888714  121.759059  4.40651059  132.1446456  273.7180799  65.1194077  76.14511605  14.85808853  16.18461648  85.9899572  12.03961334  54.30133076  57.06680577  23.46398228  210.9440471  154.8411668  289.3319954  53.33771679  318.7581975  420.1734794  194.8391607  6.696400473  107.1376666  265.4644347  19.14438513  282.9931209  43.36095657  10.76348236  92.43956302  310.4324439  230.3271639  57.82824966  110.9703766  19.3178078  
121.7676481  181.0883875  73.90628666  12.34280817  98.4063811  252.8307904  82.52166803  139.7706378  9.582468053  58.05560594  182.6046449  36.95507726  61.43673347  59.30948278  27.89065928  177.1668966  51.53833737  461.0493604  117.4353341  318.8913893  276.3538359  111.7946508  73.54105204  11.82332987  274.6339726  34.71490743  267.077847  10.82946497  24.72201801  237.2823919  87.31639243  159.9928965  4.365847594  212.4886355  47.68021493  
95.92065028  219.7261661  53.25671172  27.74203846  86.81909011  231.7426662  119.2141646  163.6778089  14.33943618  106.6377613  173.7492144  71.85254607  51.08289998  91.14948427  28.61281697  186.7703583  1.47120302  507.7505368  147.9500624  280.494871  168.0419229  51.28807725  122.3465095  45.55607366  162.466345  2.211019254  168.6256942  37.76332797  73.71309534  213.5756092  37.98295158  0.1594262968  31.96689889  166.163743  136.5522002  
117.3676669  226.5086812  43.485065  50.46897187  73.02108812  200.1939021  157.1906038  162.440267  22.39825153  84.70799696  103.9478168  105.8881572  90.83948708  208.9281147  39.35081738  80.08585458  36.98506482  389.5212211  108.2534728  260.8702721  111.6242214  115.3138688  74.89881161  73.20434206  66.34181119  17.46766822  104.687608  43.98940785  43.32114236  50.53159829  243.7733368  205.0148691  75.8597615  81.59071253  103.0196223  
120.760171  217.7189589  34.35774582  81.54003529  39.05573268  126.662922  205.6828072  182.7897626  6.449747558  40.0571726  35.51374358  105.1756798  145.0769824  299.3661255  84.24663971  8.420301717  161.7888382  215.4339468  55.29579183  240.8447616  98.65573553  215.3482522  12.40024688  22.32265273  58.55793301  30.23906939  74.97534428  17.92898586  15.32742582  141.836907  453.7543859  425.9938347  57.61509901  23.74731731  19.2506919  
116.9828352  225.0061384  25.96601725  94.64776042  33.89228042  88.57109442  255.2808798  233.6711447  6.01886716  24.38788426  23.40689814  91.556821  183.4924401  173.7160244  154.2254262  42.04483808  295.7107027  109.8727827  14.13567766  167.2461996  119.4232514  172.7824603  21.36326256  2.920219074  108.1831444  71.94262461  98.19367865  13.85385595  56.27452162  301.20455  379.5936531  314.7553366  37.27363185  7.328351331  127.8308472  
65.22743437  209.6890446  18.04974675  140.9777415  52.33264022  136.3452316  308.9461995  281.1945495  11.46945936  50.39037282  41.92773577  59.29642898  152.5107485  20.82726077  226.4478486  48.57481808  357.3513201  37.48643943  12.15144747  45.89652766  160.5321249  42.07290861  65.68302791  50.99787997  125.1817048  167.869078  138.5525448  27.46932159  74.30613293  321.8873101  112.917428  83.79048085  53.1007406  12.82580153  353.7755791  
47.16145069  167.9711144  11.72511881  170.6128809  52.6363486  220.2849498  372.887144  293.4058231  20.40182788  39.86829297  54.58648941  79.46026638  110.6922628  88.29238216  273.983615  6.802547798  247.4260869  20.48181854  32.88684735  49.06540954  193.6732605  5.976545324  93.18408569  82.87229713  82.45589887  181.6237282  86.68795059  27.04991869  78.73219053  147.7567626  12.11509575  18.22076529  28.37249799  26.02882746  358.2305923  
73.25363892  119.2121861  9.482190552  186.5889327  46.41595386  253.514914  385.8224162  279.1813254  26.06661625  6.393514578  31.41828377  127.3618444  48.8864852  267.600965  247.5068328  20.39048789  120.1197639  22.98729855  53.15350125  180.8128273  250.0675687  102.3859799  113.5455581  34.36863003  36.74674564  48.80943708  6.644284378  8.365026146  94.68381737  29.60459111  2.203787245  138.6808745  2.042014833  40.10749046  207.2372049  
105.4376798  70.14156412  5.673212288  207.4176676  77.96734881  208.7750725  370.2419171  276.3577258  69.6171453  12.11323164  7.918741829  162.9200639  40.40478547  247.9579942  142.8250273  70.69224633  43.3561137  19.81126693  91.16917574  273.5340012  263.7916376  175.3192777  120.2090206  4.58621277  5.551060174  20.48581802  30.94735024  1.954920022  85.16100297  133.4022188  11.33785384  143.0338557  82.22798997  38.56473361  136.28718  
119.6519393  57.78561814  5.596521122  213.5097095  125.7511456  182.1647871  259.317885  255.0790146  164.4480056  58.03872842  0.8059701826  117.7966682  12.77277747  91.71582917  75.97608689  49.78719236  19.43629561  27.62815497  135.5857953  227.3196253  224.6740044  181.5276329  111.3147333  23.5164913  6.890558706  215.1796899  136.4205844  7.444989283  82.45116084  180.938677  73.55341746  56.36125624  180.1292351  45.2493227  104.862019  
129.7934901  59.57744747  8.847634261  224.1626777  199.8921703  149.7997092  146.0758233  219.1282504  278.9475441  91.02542156  0.9861564794  76.35479593  6.724436126  6.422935357  116.4551212  33.15992567  11.04094691  30.59384124  168.3488063  130.0276692  158.5817136  72.0915412  91.71186514  71.13722  52.13026852  400.938086  197.3361102  13.46652843  130.9464198  85.17658096  131.1815245  117.4013028  226.3094116  80.73420409  20.67833525  
122.7499693  58.06119256  13.16738798  247.0789735  265.0899617  106.6347108  52.59943935  196.574462  335.4160726  92.87505144  9.59414946  72.77942689  7.340291979  55.82056261  134.5347242  96.25585803  17.01461003  26.56560801  205.6350848  48.43705688  63.34516783  7.363022216  47.51357101  116.3824304  80.68469798  304.6477404  147.1053168  26.13164349  120.2470389  6.168883046  93.07024599  239.2754542  327.9501474  157.359629  17.65999775  
95.44372521  38.00170077  16.1050449  301.6038278  296.5897933  52.42029835  51.11398045  145.4353569  326.9178994  127.3354639  30.98608061  185.0184022  31.30717641  207.30193  66.685049  146.0597414  58.45394849  36.68118322  206.4570341  41.77428541  10.5344858  26.26760776  16.37317185  151.0126792  61.55203521  52.73850022  63.39510542  57.57601189  148.1393647  7.803438861  25.5672618  162.1090164  462.6760746  187.6151346  103.6706918  
64.71896874  25.39949099  16.14258586  346.0193354  283.4965509  45.92054295  60.85019515  102.6241896  312.9287519  178.2188725  50.12563512  278.9867001  91.65244169  202.0681338  23.51767029  154.2624633  144.9491381  66.67828766  112.9813311  135.7912495  2.839481875  10.27260291  23.80573249  181.7127764  27.5607515  31.83552413  22.06742616  81.25489628  90.18118961  18.50119932  1.767665677  74.62146118  345.1648734  105.4491246  196.2681434  
84.54414724  28.47578409  17.56066953  371.638722  225.2506984  76.31560063  72.16692737  62.50098246  259.3473337  175.9088847  50.34704853  327.2015078  155.6904736  81.65018321  90.81176037  185.9426066  205.8087905  75.01483865  22.87106856  323.0131372  10.48601518  14.74722442  47.35242961  171.7792284  0.4892893747  126.3098118  2.214392723  54.1892649  9.054918046  6.597577541  33.26357476  208.1960228  89.76130215  52.95515255  170.9151075  
156.6882884  72.44530587  17.58216791  402.0616762  111.6684723  91.03985508  77.66220633  57.32071718  158.3107839  133.8239417  29.78414141  270.2104542  166.9922256  7.406468123  192.9877489  136.9328284  186.3374141  47.60000043  39.01255574  430.9484616  15.43103889  0.2650919585  66.21334654  125.3093156  40.44972733  78.60481102  19.41768761  5.809141134  18.41359505  0.7094052395  39.74303725  363.018079  140.2163495  53.79281704  14.38391277  
221.2809042  127.8993969  22.83543702  374.2012161  35.07076634  62.92639666  72.94320398  53.75982765  74.81098249  108.7295725  47.04634573  187.1293128  138.2345793  33.07087482  252.5197332  21.88724848  119.8853601  31.05642023  211.6297116  342.6401506  21.69585582  17.14947425  86.20414092  30.73667643  96.19510113  57.77684437  83.23230769  9.429643105  39.8117415  1.472737621  39.11391872  291.6472368  405.929576  74.86396212  86.13322881  
246.5859518  130.1220394  35.630944  274.8278903  8.794267324  42.59848438  93.40051571  15.60472052  41.50257307  58.57152229  151.1511414  124.7344619  218.2400181  94.00359365  273.5845105  21.80311754  83.19556404  29.29554875  349.4687875  129.3674076  51.46627542  15.00387318  115.148886  40.24648405  120.4885132  195.362698  123.5920266  15.40840125  80.04655089  7.673414433  108.1211163  153.3197387  506.7054742  41.20440504  346.8221234  
243.8538617  97.81782453  49.63392921  211.3773501  30.83096715  37.98847431  65.95082902  16.29949448  50.49770577  9.770855553  223.8206401  131.801281  338.9903475  65.30086428  295.6613581  109.4346301  48.37212388  39.11458441  276.5341074  15.88793619  103.7869538  0.7321010177  98.48908627  121.4514702  103.652231  283.4649272  161.9914173  29.51435068  202.2496894  36.18556907  249.8273042  153.0642504  409.4430916  6.647297781  447.6306669  
199.9164479  105.2474074  55.00423424  186.3903218  74.86223593  24.41185301  33.06474994  50.27051661  145.2334851  2.814418437  193.193922  130.738808  493.7237472  100.9069945  250.1749112  163.5346436  25.1793854  72.03411515  86.36167404  84.12344913  143.8075257  6.308587149  28.01771066  188.7388902  70.32209434  205.4635138  178.4443457  152.9457947  191.1140263  36.13092206  311.4877972  141.6038114  246.0805731  52.98094407  317.810405  
127.5670933  139.1077013  54.49024941  239.5911814  113.075395  7.879428011  24.2829663  55.25572665  288.9218677  18.9074798  111.2217468  122.2635709  542.9368705  194.1218265  139.7907525  160.2406537  47.14868083  92.59284693  18.12040085  143.2712249  139.6159983  13.34160424  8.518057773  189.1932404  23.358516  43.06412484  136.3789478  403.9192181  90.94344382  26.40766051  187.5761462  25.30305188  164.4207838  73.32445231  114.9296965  
146.8494564  114.987578  60.1402415  229.7979233  133.7726638  9.106859029  54.30378081  21.72269984  340.8054327  41.79826133  109.4166884  77.82175084  421.4755111  189.9720204  84.41935698  176.9765891  119.1393315  104.4525161  56.67596646  127.1739364  108.6951046  22.09772384  136.2011085  160.6872416  2.512919132  24.05672333  51.32887346  566.6751939  41.86881165  16.70406462  73.92860975  46.12715479  71.860684  10.43569572  10.31574697  
191.745273  51.39177518  77.70753406  235.7022276  104.3676691  16.71237088  77.65190911  15.83653703  326.8906612  97.89415186  176.7079763  21.85074346  184.6737616  72.40995326  68.13646812  176.0515965  169.2139575  96.15465622  130.9470878  80.65105786  87.38518702  13.59281781  292.2745153  88.70717775  44.88189465  113.8537849  3.700814996  511.2095618  2.596576407  5.959516936  77.2305026  237.6860205  1.558972186  38.30504781  191.3127294  
206.6092003  26.15795708  85.39720587  309.1413331  103.639836  18.9369679  68.23160756  56.74621482  222.6889939  229.4472169  198.6161936  12.9693112  35.22127133  18.99478047  35.79163468  108.4977235  167.7288611  82.52595092  161.4233527  48.755823  54.87383395  5.039664383  226.7284097  26.321275  157.1988413  141.7834992  30.79084856  239.7277392  22.82059075  24.51871614  58.7566472  273.1915298  36.93506433  197.3994583  225.1353573  
220.0357457  49.25994397  67.76848231  326.0187158  96.7133458  42.17015461  38.53079066  67.66511586  140.4584855  390.1796411  89.74757086  68.4763386  10.88604345  145.6397452  25.71620178  39.27347597  125.9642125  44.28207956  124.7714248  49.23258037  64.71935402  101.9011453  41.69220275  18.54815043  260.7601507  85.03002447  40.13654938  31.87295693  124.9930115  111.1728026  29.2192482  123.1318043  67.78392346  384.1911848  117.2419717  
193.5333495  62.57071431  82.60121593  231.5415058  113.87073  56.5437025  35.04681471  28.92236944  74.37922774  490.2946984  7.330780318  146.475333  62.96495741  197.713165  82.56182674  21.55991204  52.74160638  31.54154387  50.64906741  63.71037338  137.5613066  264.7253955  38.6288579  26.43180256  285.7575869  67.38598  48.50283676  0.4034569352  219.4909697  212.1020411  186.0192778  26.67480362  56.6394433  406.0186122  15.87304016  
171.6991213  51.36462391  107.8803997  177.9920849  110.0984878  39.76213025  45.66199712  13.04718719  50.07542983  495.2315899  20.09250631  113.1658477  91.35635931  87.5189956  205.1117299  48.86242407  8.910921843  78.96564946  6.22315862  82.38751244  242.6772312  357.2600261  224.8154652  28.25431392  286.9319331  67.57423789  73.43841153  14.65612964  246.2043701  160.1956484  370.5840604  92.60888238  74.3008129  282.8589368  17.97873571  
180.7423826  32.31787089  128.1516617  134.7032788  109.2185003  11.2145889  83.63405574  46.12934275  32.94556063  508.5470523  103.1621002  53.46663102  41.06400277  24.86256346  300.6762755  138.2695126  4.651443626  175.9414106  1.633324385  85.93703769  316.5280016  175.3192993  312.8780049  18.30851482  168.1420111  39.70643468  177.4385856  32.04744966  291.6135736  67.4073451  295.2596179  128.1643998  134.1590832  120.0875971  55.5584299  
199.3497833  26.14323841  117.681309  102.0213511  75.35346631  102.5823533  129.0694763  71.06462907  48.48101243  386.5600566  153.5904736  56.02709788  32.58743998  186.1975048  272.3483216  261.7744885  23.13947613  257.910396  22.08327034  83.38121583  260.3833536  11.3463705  209.5350872  40.23080243  78.20812768  4.079622878  299.2713155  33.18665057  145.4762084  73.40879839  63.55518438  81.10263375  130.504309  16.19536701  67.96317923  
200.5589353  14.65991289  95.23833753  76.62212928  45.45376764  253.70228  157.4393258  41.06423803  76.18884107  181.4154201  149.370895  131.7116242  83.60709161  323.2759606  162.9913806  251.2355615  34.5813548  254.0792077  52.68181304  73.53130121  168.6736587  52.46422204  66.52598617  132.7218478  123.7605484  4.05155805  395.2992012  22.53580177  30.76574253  138.8007614  36.56609156  45.2415492  71.36900745  54.37299687  51.23832227  
192.4187763  4.773785748  73.9901988  75.792606  62.80975695  346.9950981  148.6934317  14.16564673  84.89244162  32.38126454  112.3895415  163.2874434  92.40829801  251.0745881  114.480343  132.7357617  25.50887123  230.6508788  59.27172966  58.94825452  72.7319756  198.1054739  47.48828064  267.7942746  310.7060749  16.30748027  356.4396963  52.72145295  220.0248202  136.1908144  165.8909189  123.1551553  9.626354353  123.4793208  30.91367082  
164.3888222  1.059871865  67.97815005  78.34278068  111.6942801  264.9309767  104.9058909  12.02166144  97.33858099  80.9959801  121.4256553  121.847555  120.9223895  148.1629051  145.687889  42.90196215  4.661183712  209.8976767  37.09271542  32.38286369  33.81190036  237.0167391  137.4731751  339.522886  414.9788702  35.63656955  195.7415025  202.8725726  601.3891531  92.37031288  211.5507112  152.5857485  20.05078002  114.9752048  26.6725544  
141.5547752  3.159858379  55.15029278  96.27903692  171.4192579  184.9076795  49.64607326  24.30245374  109.699139  181.4205423  184.510242  35.0983084  158.5888685  168.9835371  155.2382004  38.33661237  2.135814028  218.6841385  31.26660226  26.35059252  13.03533438  278.5510951  220.4114997  275.7246887  312.9476719  62.0497369  81.56623347  359.4406523  676.1216041  134.263972  83.78971398  67.9247517  90.03322006  110.5734245  12.28209712  
137.4983032  9.41479207  46.05694964  82.41114605  268.5145499  127.3757291  14.92247744  24.72191948  138.3301095  183.5450394  284.1691188  40.87780463  256.5447589  180.5138418  101.5914524  36.58727202  15.53457474  207.1014774  61.357112  63.90416086  10.04177908  378.9969685  206.7240147  136.0052542  106.0614325  74.04395324  2.960560205  381.552413  523.8379224  141.0775346  3.17488767  37.95108516  183.7357364  203.7277569  1.434193613  
152.6829378  11.04101698  36.70326411  73.44555087  321.5917821  158.4323168  2.279496867  15.93930201  227.177841  93.27060693  305.0486787  94.09827017  239.3371546  112.7769308  53.06535267  48.43351936  27.45390023  123.0638738  88.70793242  130.3402048  13.00067996  475.9667657  155.8741042  39.21608088  34.19106757  67.57587029  30.95019406  259.5134803  211.5278576  253.0188619  91.25034232  160.688556  150.3863673  271.5078405  18.1782433  
237.6491632  8.969795296  35.57658318  60.38292683  278.9587919  147.4844108  7.297490046  6.376705075  232.7209826  155.0499492  272.5822702  143.2174912  201.7527465  44.91113068  109.2912284  112.8164126  23.20511355  60.53800712  63.99349386  180.0899696  48.97417266  393.9061772  86.61399377  0.7205877836  66.763336  28.35853997  58.04197327  137.0470287  36.87843895  213.408832  101.3270111  232.9971384  66.79124463  139.3324772  36.25235944  
265.4433055  6.88798977  45.58493841  29.66261619  254.8148773  180.512507  23.02748699  3.593681364  220.2777362  309.7748769  174.7561145  126.2283841  308.6106747  9.634674039  175.1312396  140.8178019  11.79554769  35.46336526  30.12003238  142.4497569  72.10026278  198.1752319  72.21436911  14.49064714  93.00092057  14.14466937  37.51646204  92.18116588  176.2204652  91.41773862  6.114663036  204.8812442  138.2355659  18.61335919  15.29894607  
231.0170062  2.074281349  65.5568639  9.552938448  175.5442919  265.4936394  54.20992662  4.1160283  88.680068  405.4145558  92.27879134  99.37073649  641.9088896  3.452823984  120.453801  56.15707911  3.243426049  17.51227317  37.12361695  64.39713773  73.74534744  32.16130045  127.3861751  23.63271808  42.96003107  97.82085599  9.272851747  48.13867271  619.8645076  27.93223866  60.61806085  72.44770819  152.4116241  173.5611604  52.30069501  
192.0615966  1.903605514  77.90719294  0.3633696865  122.122679  351.4676827  61.80481591  4.889873909  37.70736464  385.1656223  63.98871774  74.83102417  807.1732602  8.122234538  64.28674256  7.172134214  0.7683937846  9.829533668  50.96426671  15.82253436  51.33836348  0.2753909152  166.7209949  23.81656125  5.917907408  172.721665  1.209978938  16.29997204  938.6622952  14.64128444  145.4467395  39.92830171  78.65413331  295.8525506  104.8653984  
