5.818740085  5.10817457  0.2797049631  -0.1195297956  
5.443588469  4.778835243  0.3602569078  -0.07529326634  
5.185744546  4.552478377  0.2081404968  -0.2989762626  
4.758167826  4.177115928  0.8745739564  -0.08045802929  
4.627243028  4.062179238  0.3433729594  -0.1626025371  
4.195233671  3.682925451  0.2309093436  -0.07491847661  
4.120808831  3.61758913  0.1937032561  -0.299074013  
3.623640542  3.181133406  0.05764651182  -0.03366383064  
3.368709811  2.957333982  0.09455571803  -0.2510139578  
3.359830651  2.949539117  0.1279462954  -0.05471433871  
2.989746109  2.624648089  0.1111132791  -0.110944098  
2.800192768  2.458242383  0.215656367  -0.1138293503  
2.786061856  2.445837091  0.2710286157  -0.1411156721  
2.57548374  2.260974086  0.1474570145  -0.0243725192  
2.57388484  2.259570439  0.03908126063  -0.01860848361  
2.561145855  2.248387097  0.04859624654  -0.03937021052  
2.471131447  2.169364954  0.04487569853  -0.02792498788  
2.432508915  2.13545888  0.1065400456  -0.0169571521  
2.264380354  1.987861629  0.02158183007  -0.02932681844  
2.238130593  1.964817403  0.0315864642  -0.05178289575  
2.225519833  1.953746627  0.06305799546  -0.03214266939  
2.183945607  1.91724931  0.05465293803  -0.01648354911  
2.158307667  1.894742192  0.02929113759  -0.02979759348  
2.111923988  1.854022735  0.03909456475  -0.03503137666  
2.110203159  1.852512049  0.06659110544  -0.02496488265  
2.077665202  1.823947521  0.04169790525  -0.0387508659  
2.014216695  1.768247137  0.01751914884  -0.01917257419  
2.007788313  1.762603768  0.04571120272  -0.02171254684  
2.006264366  1.761265921  0.04661508056  -0.03921284094  
1.922182488  1.687451847  0.01170555382  -0.04265017268  
1.862609091  1.635153358  0.03105625814  -0.02385390153  
1.85821603  1.631296764  0.02460466228  -0.0366556738  
1.8071978  1.586508713  0.03973519567  -0.01039316785  
1.754073408  1.539871698  0.01823969935  -0.009497830238  
1.705512417  1.497240817  0.03532350206  -0.02601245192  
