  1   1 0.01044158
  1   2 0.02013780
  1   3 0.11481206
  2   1 -0.03620609
  2   2 -0.01702312
  2   3 -0.00532889
  3   1 -0.00972080
  3   2 -0.02393809
  3   3 -0.02493986
  4   1 -0.02958169
  4   2 -0.01502279
  4   3 -0.00201853
  5   1 0.01951810
  5   2 -0.01051338
  5   3 0.13146974
  6   1 -0.00827664
  6   2 -0.01086682
  6   3 0.07462339
  7   1 0.01162985
  7   2 -0.00792866
  7   3 0.04138667
  8   1 -0.01792096
  8   2 0.00915846
  8   3 0.11597379
  9   1 -0.01971983
  9   2 -0.02034905
  9   3 -0.02620713
 10   1 -0.05438442
 10   2 -0.00152371
 10   3 -0.03964406
 11   1 0.00850474
 11   2 0.01446452
 11   3 -0.02391484
 12   1 0.01559506
 12   2 -0.02474754
 12   3 0.02168087
 13   1 -0.03163005
 13   2 -0.02546202
 13   3 0.05671963
 14   1 0.06520822
 14   2 -0.02164263
 14   3 0.01422903
 15   1 0.08180463
 15   2 0.01453224
 15   3 -0.10220687
 16   1 -0.00061057
 16   2 0.00246207
 16   3 0.04688294
 17   1 -0.00007344
 17   2 0.04623182
 17   3 -0.06359697
 18   1 -0.00136660
 18   2 0.01750178
 18   3 0.03248708
 19   1 0.02774638
 19   2 -0.02218495
 19   3 0.14525462
 20   1 0.02158749
 20   2 0.08064899
 20   3 -0.03091763
 21   1 -0.01100734
 21   2 0.00126119
 21   3 -0.05100719
 22   1 0.00296992
 22   2 -0.01298762
 22   3 0.04888131
 23   1 0.05223264
 23   2 0.04430211
 23   3 0.09022947
 24   1 0.11164547
 24   2 -0.01457230
 24   3 0.06570431
 25   1 0.04266249
 25   2 0.03272439
 25   3 0.03896904
 26   1 0.01917597
 26   2 -0.03257472
 26   3 0.00796941
 27   1 0.04839692
 27   2 -0.02435641
 27   3 0.10452099
 28   1 -0.00342991
 28   2 0.00481943
 28   3 0.08038961
 29   1 -0.03160179
 29   2 0.01061806
 29   3 0.05987779
 30   1 0.02915506
 30   2 -0.01802061
 30   3 0.08173287
 31   1 0.01860931
 31   2 0.01793620
 31   3 0.10918415
 32   1 0.04185003
 32   2 0.01122300
 32   3 0.05931922
 33   1 0.01618964
 33   2 0.00366117
 33   3 0.01938461
 34   1 0.02852491
 34   2 -0.03202905
 34   3 0.08383224
 35   1 -0.00125493
 35   2 -0.02005596
 35   3 0.01218318
