-2.082075339e-14  
-6.819005656e-09  
-7.938562204e-09  
0.000406124217  
-0.0004473913114  
0.001501294657  
0.0002801169693  
-0.00113039202  
0.0005174575527  
0.0004091467515  
0.0006552151488  
0.00102772323  
0.0002132010769  
0.0002545955508  
0.0006143183111  
-0.001208449537  
-0.001194589755  
0.001654841569  
-0.000526008595  
-0.0001702571956  
9.691620594e-05  
0.001104426917  
-4.900090999e-05  
0.0016615149  
0.002331007733  
-0.0008732273928  
0.001406309182  
-0.0002835837941  
-0.002870019641  
0.0007957465634  
-0.0006219738098  
-0.001522990954  
-0.004627465211  
0.0007970757457  
-0.003868751922  
-0.005338401363  
0.003218578506  
0.005173471692  
0.002529246282  
8.542409779e-05  
0.005551037257  
0.002962307861  
-0.001027163474  
-0.002888136569  
-0.004773566784  
0.01106320347  
-0.01613036281  
0.009744502681  
-0.009659987349  
-0.03543906608  
-0.005803404508  
0.01310647919  
-0.01159027544  
0.0326373679  
0.01958382081  
-0.01937390048  
-0.03564274563  
-0.03842464139  
-0.01092059262  
0.04910505601  
-0.04026871411  
-0.002579671035  
-0.006618971967  
0.06481481108  
0.01496236597  
-0.01154411561  
-0.05732312176  
-0.02931261903  
0.06008419145  
-0.00518402004  
-0.01358695585  
-0.03245176497  
-0.0007268403201  
-0.07446743789  
0.01662007973  
-0.1404121306  
-0.03404730366  
0.08129729998  
-0.01696964883  
0.07609736838  
0.03712683676  
-0.04437689648  
0.007000732301  
0.03941840543  
-0.1530249504  
0.0904885579  
-0.1009961816  
-0.2131936202  
-0.3691612135  
0.1680966153  
0.1379099314  
0.3156589689  
-0.1697982947  
0.08957142323  
0.2042237143  
0.3964811762  
0.1794266858  
0.4670819033  
-0.6484950275  
0.2865197107  
0.2188322709  
-0.8500630259  
-0.1003478149  
0.2686873589  
-0.7930736794  
-1.609477872  
-0.5231579459  
-0.8060010522  
0.0880656815  
0.0407519954  
0.1380011853  
-0.5500923572  
0.4209833928  
0.2137030819  
-0.6679031828  
-0.4152584939  
-0.3020291323  
-5.022257271  
9.22451053  
