1.163980782e-14  
-8.706618011e-09  
1.292167735e-08  
0.002156724211  
-0.0008592602236  
0.0001266159344  
-0.0007068511348  
0.001248627014  
-0.0003311977377  
0.001139142152  
-0.00113482374  
0.001015613862  
-0.003153564671  
-2.939922193e-05  
0.0001203211577  
-0.000810930509  
-7.447365335e-05  
-0.0004416705661  
-8.26105545e-05  
-0.000223453218  
0.002484128183  
-0.0004909423718  
-0.002537453231  
7.84058084e-05  
-0.0007050919941  
-0.003374299607  
-0.0001422212973  
-0.001402685501  
0.001015966219  
2.827885517e-06  
0.0004275253226  
-0.001563369651  
0.005174799825  
-0.0008305554643  
0.0004775907713  
0.001428748382  
0.003038850074  
-0.002757552179  
0.001804997672  
0.004428747346  
0.003267842159  
-0.0002420941728  
0.0001922297418  
0.005200752333  
-0.001965285456  
0.007328275143  
0.001871109967  
-0.01053191656  
0.0006887569085  
0.003204996007  
0.008926768682  
0.01325121098  
-0.04686703648  
0.03080073633  
0.09338373713  
-0.01402907653  
0.005970875823  
-0.08392056616  
0.006043615133  
-0.05029283424  
0.02257210066  
-0.02164502166  
0.01189093545  
-0.01549999622  
-0.03809192083  
-0.002848834769  
0.007991074991  
-0.002989922885  
0.04033122571  
0.04863740941  
0.04124476434  
0.009030408585  
-0.02460210158  
0.05600735815  
-0.001895069828  
-0.03506520189  
0.09272046433  
-0.09384339933  
-0.05570571456  
-0.08183567177  
-0.09428324878  
-0.1960176011  
0.02912164133  
-0.1097963802  
-0.2059216533  
-0.3633409051  
0.5881373883  
-0.6955240092  
-0.1344379124  
-0.2791252726  
0.6864873122  
0.7259634483  
-0.1486530095  
0.1525001636  
0.221589759  
1.274230255  
-0.8329188829  
0.4349586217  
-1.577449286  
-0.3331063105  
-0.1714681316  
-0.1972497  
1.234125101  
-0.155694522  
-0.05081445002  
-1.350022394  
-1.534170368  
2.812863948  
-3.611381067  
0.3785773989  
0.8912029747  
-2.143192555  
-1.043671579  
-1.49820244  
-1.949182794  
1.497773952  
-1.52093242  
7.416889882  
-3.440898479  
