-3.510732556e-14  
-1.788835626e-08  
-1.170115748e-08  
-0.001410668646  
-0.0001684004951  
-0.001461682402  
0.0001709864755  
-0.0002605110113  
0.002964007745  
0.0007840954048  
0.0009721870004  
0.000106901308  
0.0004745941023  
0.001007181461  
0.00307573412  
-0.001131333167  
-0.0003790077809  
-0.0005288917443  
0.00133916779  
0.001989423054  
0.00248446723  
-0.00229560395  
-0.0008042871008  
-0.002590039787  
0.003601674095  
0.002766280004  
-0.0004062700091  
0.0007098565539  
0.001332790125  
0.001907242929  
0.001770322836  
0.00150320709  
-0.001275300673  
0.0009906037373  
-0.00377632211  
0.0008258810657  
-0.0006913221379  
-0.004383265805  
-0.0008016527525  
-0.001741977772  
-0.0002266772495  
0.002374157152  
-0.01288831015  
0.01041620654  
-0.00374380327  
0.004226180058  
0.01032418703  
-0.003256263203  
0.002231941202  
0.004093084477  
-0.02830755518  
0.03301816738  
-0.0251393351  
0.002658587223  
-0.02680383676  
-0.0973629285  
0.02898277807  
-0.04437453423  
0.003637714573  
-0.01512730108  
-0.03841559523  
0.01012384391  
0.02373133552  
-0.03822869662  
0.0002684101542  
-0.02055554608  
0.00621308986  
0.00516472137  
-0.006760011429  
0.08013922624  
-0.04244337055  
0.05442285437  
0.04275797814  
-0.01303048977  
0.03159250535  
0.0482037068  
-0.07744715421  
0.001999581617  
-0.01848001897  
0.03836698298  
-0.1375105894  
-0.08554211326  
0.07792658499  
0.02204169554  
-0.003861455588  
0.1346799388  
-0.5428311177  
-0.1466214125  
-0.2028860586  
-0.5326333303  
0.8308177633  
1.33692793  
-1.019501301  
0.7598796535  
0.09566574573  
0.6074589463  
1.215033906  
-1.022855271  
-0.8721710012  
-2.288689212  
-0.02587934653  
-0.7340526688  
0.06369096071  
-0.04972241481  
1.136833707  
-0.8595144115  
2.738272282  
-1.802070009  
2.056828111  
-2.653507951  
-1.6648467  
-1.377763016  
1.117036599  
-3.469838786  
-0.6328239339  
2.985892848  
0.2741943775  
7.070188098  
1.570655402  
