-3.087156139e-14  
-1.138492829e-08  
-1.782468923e-08  
-0.0003645579262  
0.002931258608  
-4.708879196e-05  
-0.001888187163  
-0.002623392199  
0.0002104115239  
0.0007123734273  
0.0007297698593  
-0.002421877011  
0.0002288489847  
0.002813472924  
-0.0002851432867  
-0.001533878412  
-0.001667162007  
0.001884318839  
-0.003270940621  
-0.001005833886  
0.0005575703013  
-0.002094118399  
-0.001838057711  
-0.004108766111  
-0.0009937359958  
0.0001952165194  
-0.003799627243  
0.001646511286  
-0.006505755265  
-0.004726752694  
0.0008581212054  
-0.002888648031  
0.005907321455  
0.006546497989  
0.0009735757686  
0.003160541167  
0.001488082054  
0.00698997868  
-0.004572364976  
-0.01026877011  
-0.01266825653  
-0.00294197792  
-0.004107183064  
0.003823510109  
-0.00781916885  
-0.0004306982299  
-0.002670010679  
-0.005167625612  
0.04311544381  
0.01185439126  
0.04372518512  
0.02929830382  
-0.1021284525  
0.1147574325  
0.07039409952  
0.08079406273  
-0.05837552016  
-0.01072864026  
-0.003883968332  
-0.0243837395  
0.02361817974  
0.01195862483  
-4.502477114e-05  
-0.03523437838  
0.02402764104  
0.007622848237  
0.03172449872  
-0.02203296679  
0.02251367483  
0.058234557  
-0.06095455115  
0.02210711115  
0.02636490179  
0.01747738577  
-0.007463983591  
-0.01091319679  
0.01671972116  
-0.02870820678  
0.03743398362  
0.02308205899  
-0.03653971447  
-0.02141209926  
-0.009598375261  
-0.05750299645  
0.1664481214  
-0.2026594067  
-0.2782573184  
-0.1415015429  
-0.3638028788  
1.587407305  
0.2829632068  
0.4692272828  
-2.036123434  
-0.6226100111  
1.41966606  
0.4130669983  
1.312223719  
0.7738903739  
-0.2818978534  
-0.6065215267  
0.6792331735  
0.2019106643  
0.1420983106  
-1.015738158  
0.7913165543  
0.0677560395  
-0.926908967  
-0.1785205947  
1.075658299  
1.117183119  
6.196654971  
2.210113856  
1.111960203  
-0.2512673518  
6.497716221  
-1.347662143  
-0.4738618666  
3.858949669  
-0.2005973469  
