-8.527803768e-14  
-1.719681011e-08  
-3.534037255e-08  
0.002324670716  
-0.00139121561  
-0.000616397741  
-0.001288257806  
-0.0009098426394  
0.001235664505  
0.001129021147  
2.472615765e-05  
-0.0008638442752  
-0.0004600298486  
-0.001839614864  
0.001007158113  
-0.002397334258  
0.003767157459  
-0.002739931151  
0.003178616838  
0.00248141754  
-0.0004380110515  
-0.0003901371809  
-0.005589913049  
0.002206592695  
-0.003318935144  
-0.0009409144606  
0.00490509064  
0.001821362252  
-0.001378007255  
-0.002047302879  
0.004714354593  
0.003279357018  
0.002600980413  
0.0006236821865  
-0.007223857706  
-0.01140640646  
0.006695493653  
0.003749792133  
-0.009706174179  
-4.58544972e-05  
0.01129379111  
0.0008876996343  
0.005762726506  
-0.01088947866  
-0.008736366488  
-0.01146059801  
-0.02593133432  
-0.01673034368  
-0.01944293148  
0.001241314744  
-0.04516575177  
0.00925818725  
-0.04205562733  
-0.02937408032  
-0.03506900732  
0.0101357843  
0.07636275769  
0.02515777774  
0.05666699416  
0.04092073265  
-0.0618069481  
0.01941664959  
-0.01551544876  
0.0502091651  
-0.07777612809  
-0.008717366302  
-0.04769624442  
-0.2891058191  
-0.07615988554  
0.2077014927  
0.0519269731  
0.09532398381  
0.1732079907  
-0.05947992969  
-0.1752645959  
-0.005395691154  
0.1842556171  
-0.1081704006  
-0.04648028637  
-0.3719742934  
-0.00866037433  
-0.1485681449  
0.01536422456  
-0.4087520649  
-0.1817708215  
-0.1490187827  
-2.006312225  
-0.6903126837  
-1.518294888  
-0.1929683937  
2.135980343  
-1.897465288  
-1.585144055  
-1.085000754  
-0.1764468344  
-1.545563064  
-1.853400911  
0.692600891  
0.9266304712  
-1.840719332  
-0.5544809709  
-0.6313627149  
0.2411123866  
0.7158252934  
2.79119403  
-0.09714964972  
0.06507789826  
-0.07308310547  
-1.542061646  
0.4100708834  
-1.021260754  
0.3808449173  
-1.508520007  
3.363051691  
-0.02461445582  
1.493117374  
-0.9921134535  
0.03879723208  
7.644681759  
