-9.5579573e-15  
2.980679596e-08  
-3.303492377e-08  
0.0009274045172  
0.000254669582  
0.00252880345  
0.001534454658  
-0.0009227663702  
0.0007183782066  
-0.002170410839  
-0.00058291628  
-7.635961476e-06  
-0.0003280579279  
0.001268717845  
-0.001131638625  
0.001560467737  
0.003296420379  
-0.0002186487713  
0.001799409418  
0.001048455141  
0.0006185581925  
0.0004519113739  
-0.001187712005  
-0.0002008501422  
0.0002976001956  
-0.003515651472  
0.002990651334  
-0.001947040055  
0.006123520298  
-0.003028697117  
-0.001491795561  
-0.002167108157  
0.002302422108  
-0.003779850216  
-0.001558880665  
-0.008947891195  
-0.003049653808  
-0.001576148905  
-0.0003406105658  
-0.002679252903  
0.009498305474  
0.007527892442  
0.01126545925  
-0.002870815714  
0.003329555674  
0.001428127541  
-0.01549889653  
0.0142464932  
0.003348201502  
-0.005387566793  
0.002264982027  
-0.01666248969  
0.02393526661  
-0.00586716607  
-0.002896203445  
0.0005046304606  
0.005490262651  
-0.0298154135  
-0.009122396256  
-0.01137915479  
0.01057872764  
-0.01089042201  
0.0007018462075  
0.04722400822  
-0.01094484903  
-0.01390692357  
-0.02162734594  
-0.01407318633  
-0.02118344553  
0.02411249128  
0.03415300145  
-0.0007576716548  
-0.003609901296  
0.07478655325  
-0.005732999402  
0.08568885054  
0.1029885565  
-0.1726723089  
0.008905831701  
-0.1110811568  
0.03050225681  
-0.02765848907  
-0.09186618314  
0.07548787317  
0.5182155414  
-0.5828414973  
-0.06039489407  
0.1117076673  
0.7224247531  
-0.763093858  
1.30911852  
-0.381937984  
0.1988812755  
-1.420506028  
0.4337904688  
0.5715972464  
-1.067665725  
-0.4255222055  
1.804331328  
0.005150513608  
0.6140452625  
-2.076063571  
-1.216096618  
-3.069442507  
-0.4780338209  
-0.1118604425  
-4.872834418  
-0.6228310155  
3.801982331  
-2.541758559  
0.009549226701  
-3.083000189  
-0.9294840069  
-0.4565210299  
-1.108862573  
-1.906338092  
-0.8240046861  
2.574127374  
-5.206331588  
