2.953888686e-14  
4.057518216e-08  
-1.767612675e-09  
-0.0007932905778  
-0.00134748632  
-0.0002510505842  
0.000757248877  
-0.0007503439187  
0.0002173675309  
0.0004240075672  
-0.001171502767  
0.001744832062  
0.0007458936806  
-0.001059525994  
0.002044560946  
0.002378311046  
0.0001419076863  
-0.0007392396586  
0.0001520156741  
-0.001035464149  
-0.001696493021  
0.001060131955  
0.002570841872  
0.0007874631479  
-0.003266525984  
0.001674355629  
0.002026171172  
-0.002175736245  
0.00433403744  
-0.0008698611404  
0.001884319753  
-0.002780545037  
-0.006046671443  
-0.002514471596  
-0.002142453497  
-0.007666068515  
-0.004308224655  
0.001931138649  
0.005116653145  
-0.003367154099  
0.002136162172  
0.008907606309  
-0.004451505022  
-0.01110552337  
0.0004737997187  
-8.48654198e-06  
-0.01772392221  
0.03531877331  
-0.00503432205  
-0.04042337523  
0.0316140473  
-0.009872994203  
-0.009246181704  
-0.01144511223  
0.09406149939  
0.06115368116  
-0.02727732405  
0.0001323987667  
-0.04342655069  
0.005299750343  
0.04131018344  
0.008533466664  
-0.04467220003  
0.009639047299  
-0.03227133249  
-0.04020623141  
-0.04156654434  
-0.08015322217  
0.007091116386  
-0.0340291516  
-0.05085261283  
-0.06665178416  
-0.05016110398  
-0.001320267395  
-0.01755008063  
-0.08170571206  
0.06693528851  
0.09326265759  
-0.06907848817  
0.02434578665  
0.05507646852  
-0.01223304058  
0.07148482932  
-0.007022514572  
-0.03933726988  
0.06745423213  
0.8478055944  
0.1184563469  
-0.4928714313  
1.121874189  
-0.377164581  
0.8304300303  
-1.710530372  
-0.7615411501  
0.5300891357  
-1.341241686  
-0.5168353661  
-1.963467283  
-1.715849884  
2.346644604  
1.974412469  
-1.747059758  
-1.186157798  
0.007443754134  
2.412098077  
1.783019884  
1.999192351  
3.003470555  
0.7248857277  
-0.7500337882  
0.297240035  
-2.982453919  
1.589847679  
2.648297072  
-3.828426105  
-4.676671041  
-2.422966911  
-1.721530599  
-1.346228778  
