-5.741239257e-14  
1.345903799e-08  
-5.625493663e-08  
0.0004575432512  
0.0007476270202  
0.0004263537443  
-0.0003247406075  
-3.871736899e-05  
0.000638125483  
-0.001088857227  
-0.002438054387  
0.0003114911452  
-0.0006462460235  
0.002173070588  
-0.0005957453237  
0.005359435551  
-0.002106811117  
-0.002376757084  
0.0007093266519  
0.001120100349  
-0.002406937972  
-0.004471224366  
0.004856376414  
-0.003843722559  
-0.001042998017  
0.002369102559  
-0.0009095532422  
-0.00312714032  
-0.0001293773993  
-5.016662889e-05  
4.048609e-05  
0.004110248853  
0.001396442125  
0.001315706988  
-0.001977135088  
0.002888192668  
0.001530242421  
-0.002860843634  
0.008465063485  
0.0006982594297  
-0.003033460113  
0.001400799076  
-0.009619860388  
-0.008783911034  
0.01280803214  
-0.007271897728  
0.00192206441  
0.03495946261  
0.01825697864  
-0.01593526574  
0.04257913202  
0.04139540432  
0.007248818688  
-0.007335053575  
0.01109023274  
0.05311089082  
0.01431128085  
-0.09880437602  
-0.02656536087  
0.03454102318  
-0.01906899199  
-0.01338040331  
-0.04955816621  
0.03079147078  
0.01622734689  
-0.02535124686  
-0.08286584327  
-0.08766069428  
0.133386422  
-0.04488788373  
-0.09926537531  
-0.03078881159  
0.0186299381  
-0.02437915161  
0.02765411839  
-0.07331070857  
-0.0744137686  
0.08301511862  
0.02589023805  
0.06351427321  
-0.02630570552  
0.01566257601  
-0.014605972  
0.05212759976  
0.01107528553  
0.4852383273  
-0.3861116223  
-0.5425061081  
0.1092517703  
0.8998107408  
0.2259744367  
-0.7431210135  
-0.3942797506  
-0.9599559418  
1.239209928  
1.805104316  
0.5498082844  
0.6737289891  
-0.3923770918  
0.3690154683  
1.88756339  
-0.7425487592  
-1.317831172  
-1.641109712  
0.1203808617  
3.820887865  
0.385430756  
-3.153285508  
-4.327203695  
1.021922749  
-3.179614843  
0.6254068156  
-1.869261859  
-5.056213618  
-0.4473788658  
-2.778892407  
2.358528361  
-1.84206041  
0.8489595027  
