-2.886283861e-14  
1.896953648e-08  
-4.11050703e-08  
0.0005290579417  
5.886616821e-05  
-0.001421163829  
-3.750047337e-05  
0.001532599576  
0.0001141236297  
-2.363126161e-05  
-0.0009170353857  
0.002535609292  
-0.002093672929  
0.001120656006  
-0.002314570563  
0.003521419066  
0.001362147902  
-0.0006239819976  
-0.002653342584  
0.0002086220138  
-0.001404286302  
-0.001633715883  
-0.008073229913  
0.007252040574  
0.0002946056176  
-0.002152082727  
0.003758263008  
-0.002977803015  
0.003871014039  
-0.005547592456  
-0.001413359262  
-0.00411848024  
0.003048534683  
0.0003839605256  
0.002811812921  
-0.0008756156778  
-0.001207047986  
0.006321931271  
-0.001083063903  
0.002209384826  
0.004929755586  
0.0004552150285  
0.01163564271  
-0.001316202348  
0.006683624149  
-0.008683641513  
0.005303611121  
-0.01723990158  
0.02341999645  
-0.0006781606638  
0.01628653201  
-0.0121709321  
0.0008022236996  
-0.01654129057  
-0.03598684425  
-0.007923371323  
0.01657830547  
0.03097161149  
0.0083732842  
-0.03361684391  
0.06356410382  
-0.00877707327  
0.007351756259  
-0.01510766529  
0.01703301156  
-0.0167186018  
0.07751897311  
0.04016292327  
-0.03529895448  
0.05614679297  
-0.02583769221  
0.03944433982  
-0.01397428556  
0.04806900972  
0.003105693128  
0.1893448266  
0.0653709898  
-0.1042435104  
0.07867508523  
-0.119211156  
0.04806735007  
-0.01048514356  
-0.09621341823  
0.1173134163  
0.7718500698  
-0.2857683971  
-1.104415946  
0.1462540286  
0.6734269997  
0.4630765014  
1.317323583  
-0.5779692112  
-0.17403795  
0.9474822851  
0.3619292707  
-1.754901008  
3.902566519  
2.340126234  
0.5705417719  
-1.979793539  
1.135639851  
0.4317904208  
-0.9253709679  
-1.557228747  
-3.634410051  
0.850298431  
0.9725810345  
3.004732191  
-1.41087148  
-1.23749727  
-0.3194936496  
-2.145193903  
1.116568762  
4.301650123  
-4.613577166  
-1.847364662  
0.1701395146  
0.1123976418  
-1.662129073  
