-4.828277438e-14  
3.651402254e-08  
-6.105318457e-08  
0.0009549513414  
-0.001027123831  
0.0009548947786  
0.0003654951976  
0.0001391534454  
0.002130916434  
0.0001824099525  
0.001412641701  
-0.004096400891  
-0.0005314843466  
-0.002370244852  
-0.0001413264283  
-3.913023007e-05  
-0.0007896838629  
-0.0033882947  
-0.0005068647077  
0.001137247713  
0.00100766282  
-0.002420387427  
0.004131483121  
-0.007288884647  
-0.004333124744  
0.001992158723  
-0.004277610356  
0.002236372806  
-0.005790208882  
0.006809746182  
-0.003977995664  
0.004044489265  
0.0005508748016  
0.002927611278  
0.003626429541  
-0.002438255018  
-0.006828979296  
0.005061273934  
0.004114063889  
0.006978957707  
-0.009218014623  
0.005916986919  
-0.002061734115  
0.0157354815  
0.00912346944  
-0.01146817342  
0.005883784887  
0.01406022085  
0.01232766378  
-0.02282481248  
0.0299478541  
0.01671163036  
0.05531531133  
0.002738500233  
-0.07599329598  
0.1056770748  
-0.004042870193  
0.1033728534  
0.01404475437  
0.06523387304  
0.01192635158  
-0.03907331518  
-0.04243624826  
0.08252675049  
-0.01914429362  
-0.01491194131  
1.029100206e-05  
0.003306940011  
0.0465075931  
-0.04793410053  
-0.0401900713  
-0.03615327683  
-0.01107834912  
-0.06468028156  
-0.02242696597  
-0.02276923587  
-0.06253643628  
0.1420499804  
0.05288148706  
-0.01330851262  
0.02688819286  
0.1911102471  
-0.2051001878  
0.142710572  
0.5640763858  
0.1528437103  
-0.4086445018  
0.1070623553  
-0.7907563919  
0.9705369891  
0.1028055602  
-0.9197793297  
2.044855448  
0.02863139439  
-2.048467735  
1.42162274  
2.924884521  
1.256256144  
-0.7279153362  
0.1718994164  
-0.2932333819  
0.5151976857  
0.3248523384  
-0.9357887465  
4.877608863  
-1.141238755  
-1.013496003  
2.368191313  
2.415137232  
3.549586887  
-2.323652887  
-3.817096197  
-0.5076794528  
-1.339705618  
2.173494628  
-2.05032952  
-0.9325368935  
-3.063661063  
-1.072381764  
