-5.017077644e-14  
9.816746339e-10  
-2.756696198e-08  
0.001009309857  
-0.0007632192189  
0.003194100018  
-0.000131089035  
0.000669852543  
-0.002407926931  
-5.520242273e-05  
0.000127447923  
0.002044623768  
-0.001689616017  
0.001476646638  
-0.002926902761  
0.0004396444622  
-0.001240768395  
-0.002392180789  
-0.002330028334  
0.001473438931  
-0.002123479431  
-0.0009051889713  
-0.001161107254  
-0.0006750599746  
0.00288137436  
-0.0009605198392  
-0.00362138983  
-0.000439219333  
-0.006371493578  
-0.001565893425  
-0.006323567125  
-0.007783035517  
0.01184023985  
0.001413827472  
-0.006579422593  
0.001806647642  
0.003227724373  
-0.004004017882  
0.003121449605  
0.01278359197  
0.008596996784  
0.01550917803  
0.01499417553  
-0.004743053021  
-6.69101944e-05  
0.01964028744  
-0.008233298847  
-0.02944382435  
0.002854456241  
-0.02094211206  
-0.01352667439  
0.01495688181  
-0.01680218594  
0.04441294563  
-0.0229718508  
0.02410281574  
0.01783531252  
-0.04304269498  
0.03141831662  
-0.004882086357  
0.03199056829  
-0.03395221456  
0.003237524251  
-0.02021246516  
-0.03281158128  
-0.08210869623  
-0.07057745689  
0.002941141392  
0.01091494668  
0.02931346572  
0.000450955658  
0.0481205366  
0.003903225064  
0.09237666768  
-0.033518864  
0.01355039399  
0.1749402462  
-0.1276290091  
-0.08706347634  
-0.1755903964  
-0.06085161238  
0.1377209103  
-0.3179612281  
-0.3797106875  
0.2515780534  
-0.6969895907  
1.396482033  
-0.2262542865  
-2.121003619  
-0.4138987156  
-0.9783623008  
1.044000845  
3.249148569  
-0.4725281783  
2.675587917  
-1.969569572  
-0.006260913014  
-1.382234621  
-1.835002368  
-4.12388574  
0.6280009193  
0.1908026208  
-0.408962881  
-1.504123829  
1.109523936  
-0.2757879941  
-1.246393937  
-0.7840661288  
-0.01847691546  
1.170849958  
-0.3188043973  
3.218084426  
-0.6449460544  
1.671809362  
-2.218985906  
-5.971531617  
0.6976771395  
-1.728670309  
0.3548953615  
