-4.236603055e-14  
7.152244652e-09  
-3.781877755e-08  
-0.001210178056  
0.0006075478507  
0.0006076835968  
0.0008522706325  
-0.0009430940168  
0.001312040844  
0.0006792551393  
0.000630757276  
0.001187221836  
-8.732130522e-05  
-0.001074752256  
0.0003371352087  
-0.0003971218822  
-0.001696585549  
-0.0009566935937  
-0.001015181615  
-0.001897650841  
-0.004405914155  
-0.002078022333  
0.002275811475  
0.001554545487  
-0.001029386629  
-8.277759955e-05  
-0.003338103652  
0.0008912008045  
-0.004826693465  
0.001628548778  
0.004342226166  
0.002463924138  
-0.005855541581  
-0.0003131953652  
0.01073681303  
0.006898012184  
-0.00191398167  
0.0004632819545  
0.000736307135  
0.00708905631  
0.0004871044303  
-0.006375156618  
0.001653006752  
0.005252035365  
0.006453011023  
-0.02505799101  
-0.002484174432  
-0.01409979159  
-0.009758005936  
0.01398672006  
0.001135327919  
-0.07004553239  
0.03615273405  
0.001760206014  
-0.009864529445  
0.03469097147  
-0.04508166678  
-0.02378802469  
-0.008596174725  
-0.01924832667  
-0.005748442532  
0.01081419016  
0.01663641169  
0.0175645291  
-0.01561309216  
-0.01263253515  
0.004098625823  
0.04038213879  
0.0008076902005  
-0.0445421573  
-0.01044041557  
-0.01906166296  
-0.0131370622  
0.03127018316  
-0.004033636221  
0.04812173525  
0.03711996494  
-0.01024212716  
0.008772372801  
-0.02682866782  
0.03727411925  
0.02138111765  
-0.06031475649  
-0.02393819456  
0.007086252616  
-0.06575072152  
0.1708995751  
-0.0128329377  
0.008706946969  
0.06389821769  
-0.2352754369  
0.01348215559  
0.1419137313  
-0.18643803  
0.005316033619  
-0.2135709207  
0.1716867723  
0.09101574128  
0.5275694402  
0.5157393833  
0.139552267  
-0.09852298868  
-0.04285077482  
-0.1104167245  
0.267314849  
-0.3564895208  
0.5866388232  
0.1799322072  
0.3975707026  
0.3562562376  
1.052648547  
-0.1110474809  
-2.439271095  
-0.2149182388  
-1.632174595  
0.6088070003  
8.142871604  
3.482817035  
5.478954245  
