-3.595187957e-14  
-3.600532227e-08  
-1.136537106e-09  
0.001316718864  
-0.00120162745  
0.002025255019  
0.001831548779  
0.002426156752  
-0.001405200071  
5.716372196e-05  
-0.0006926059808  
0.001211471234  
-0.001931246889  
0.0008256062202  
-0.002147112867  
-0.000380693986  
-0.003225755483  
-0.002435276457  
0.001847938286  
0.00226476603  
0.001932800358  
0.002351555752  
-0.003277163214  
-0.0006196477125  
-0.005632677892  
-0.002659378574  
-0.0007844436446  
-0.002480148161  
0.003221698002  
0.001885657091  
-0.002146914824  
0.001277567986  
0.003211955461  
-0.002902627681  
0.0007508860015  
-0.002150990054  
0.0009451432842  
0.003565087213  
0.002245031559  
0.004797353318  
-0.008489678586  
-0.00596971998  
-0.001428396943  
0.01174096614  
0.01364672731  
0.004505409736  
0.02237509648  
0.008691811043  
-0.00224953706  
0.01983188679  
-0.01509375812  
-0.02865360368  
0.02493522933  
0.03582966703  
-0.1157318714  
-0.004709788742  
0.046952236  
0.1106210534  
-0.03617818748  
-0.09129364227  
0.08148671165  
0.02213842483  
-0.03188905443  
-0.07499288214  
-0.04845063491  
-0.001566034444  
0.1315177163  
0.07108246656  
-0.06592359798  
0.1612817141  
0.08179232351  
0.07838361379  
0.09011314883  
0.08018599265  
0.1249785233  
0.207628807  
0.323737147  
-0.4694154447  
0.07351942707  
-0.5471262219  
0.3825663303  
0.05842179511  
-0.874354165  
0.08606668817  
2.72719587  
-4.281545645  
-0.4771602182  
-0.8564492986  
0.03969750118  
2.155880809  
1.138637659  
-0.7365994256  
0.08392546593  
3.268451708  
2.125394915  
2.358400348  
-0.2598311115  
-2.62741565  
2.014423843  
1.548668559  
-1.529184719  
-0.0190394519  
0.2732207558  
0.4250576146  
0.7414500149  
-1.3604067  
1.205275527  
-0.1036664427  
-0.8723849857  
-0.2159637218  
-1.395856705  
1.750246758  
0.5381266273  
1.139855895  
-0.9252618447  
-5.399617916  
0.07282601702  
-1.453217851  
1.703959669  
