4.205873313e-14  
5.202895308e-08  
-2.04363185e-08  
0.001339574877  
0.001604341422  
0.001062509428  
0.0003164242059  
-0.0004940430928  
0.0006143807566  
-0.0005103289399  
0.0006995448815  
0.002048671407  
-1.609619716e-05  
-0.0005822950965  
-0.003176314099  
-0.001471531191  
0.0008754114556  
0.001033212963  
0.001437939637  
0.004705839158  
0.003043669016  
0.003434879263  
-0.003186224565  
-3.941994447e-05  
-4.890133517e-05  
-0.006944402238  
-0.001420440948  
-0.001901253499  
-0.003190046621  
-0.001161747696  
-0.002414350741  
0.003307577199  
0.01248556759  
-0.004422714029  
0.004227475316  
0.004874446626  
0.01095100144  
-0.01303954753  
-0.001287153998  
-0.006305183441  
-0.004579965888  
0.009794354013  
0.008188751451  
0.004259732141  
-0.002891884773  
0.01351526351  
0.0005086309021  
-0.01905223849  
-0.0007618684331  
0.01902947753  
-0.03235088998  
-0.04236847093  
-0.04660200677  
0.1086546274  
0.01876949268  
0.1307362522  
-0.0744968163  
-0.0460999377  
-0.06218460402  
-0.01942527892  
-0.05614868321  
-0.04849039674  
-0.001923941256  
0.2345289324  
0.06625480897  
0.03920540004  
-0.04090320398  
0.01673512808  
0.04500551194  
-0.1145442083  
-0.1630534244  
-0.182687888  
-0.1059853265  
0.06381765208  
0.08546522416  
-0.2801521686  
-0.2881170898  
0.2269056213  
0.244598309  
0.5627393185  
0.04745058648  
-0.1325417758  
0.09623746597  
0.4554425485  
-0.0668698024  
3.195363284  
-0.42284835  
-5.246495984  
3.267716107  
2.043137555  
-1.075441561  
-0.2870998838  
0.6269073566  
-0.3266754024  
0.8047953674  
0.04604320964  
0.5263818236  
-1.659468864  
0.4741613651  
-0.6948152113  
-2.512988405  
-0.6043836228  
-1.263047147  
-0.5873709866  
1.064341804  
-1.056306354  
-0.5574894388  
0.5391491098  
0.1160701198  
0.1217870218  
-0.5084458431  
1.486528376  
0.7159448506  
3.170344133  
-2.271268267  
0.8564772241  
-2.367468403  
3.640011905  
2.997830361  
