3.651631998e-14  
1.553847463e-08  
2.757179836e-08  
0.0008201802834  
0.00137783491  
-0.002066073363  
0.001512648654  
0.001859894832  
-0.0018379708  
-0.0004425988939  
-0.0003235148291  
-0.00227053981  
-0.002251866001  
-0.002995443922  
-0.005186501483  
0.002187766597  
0.001973453304  
-0.001790456687  
-0.0007082946796  
0.001765840309  
-0.002465950849  
0.006118537018  
0.0009885045012  
0.00470861408  
0.001644671577  
0.0001236659063  
0.002505159726  
-0.001554861955  
0.004579234394  
0.0004992733417  
-0.001039855055  
-0.00074437519  
-0.002258814479  
-0.002939863206  
0.000238099857  
-0.005105605394  
-0.003554357019  
0.0007571698467  
-0.0008590778697  
-0.008334690507  
0.006017615611  
0.003679549809  
0.01168964146  
0.01783970986  
-0.001029533654  
-0.02397074167  
-0.02636148794  
0.01162440238  
0.01037562765  
0.007975559211  
0.006159655844  
0.0005279519374  
0.03356768227  
0.0201727279  
0.07843793713  
-0.03454364358  
-0.05757200285  
-0.04246554429  
-0.05637634884  
-0.1065062627  
-0.0523636333  
0.02388047088  
-0.02308792803  
0.06804016516  
-0.08750804097  
-0.006674785739  
-0.04035563499  
-0.3312937213  
0.08174337731  
0.1423305499  
0.1685796849  
0.04445651176  
0.3912933163  
-0.1131695333  
-0.1324181291  
-0.1756732537  
0.3427314049  
-0.3911412595  
-0.1190055094  
-0.5772784175  
-0.2874446954  
-0.8687657031  
0.1462508327  
-1.754192807  
-4.165863818  
-1.127522959  
1.291854427  
-2.391106235  
-1.586444988  
1.269344658  
1.028983178  
-0.828082599  
-0.1943076585  
3.098473484  
-3.098169206  
-1.170747876  
1.9238386  
-1.462717328  
0.004408878058  
1.403886444  
2.393619842  
0.6190926689  
0.1998460188  
-0.8584004634  
-0.3014849208  
0.6340129525  
-2.881157864  
-1.942002519  
0.5587256615  
-2.127943813  
-0.6286299482  
2.808527676  
-1.904010469  
0.5396133516  
-0.2258832984  
0.3902222956  
-1.35271993  
3.088983504  
-2.469896706  
