3.197853101e-14  
4.907910172e-08  
2.712371663e-10  
0.001596890741  
8.300488051e-06  
-0.002577837174  
-0.0003687793145  
-0.0001109226415  
6.798120434e-05  
-0.00165966567  
-0.001858809469  
-0.0007520975163  
0.001478852419  
-6.369259707e-05  
0.000136509059  
-0.002073557188  
0.005722890949  
-0.002148894808  
0.001824107279  
-0.001515010675  
-0.0002088289528  
0.001878948702  
-0.003854018481  
0.003203167186  
0.002305456088  
-0.001899902647  
0.0007198281551  
-0.004679514995  
0.01014086306  
-0.0006463673503  
0.0008347076685  
-0.009983752089  
0.0006120032907  
-0.0004443711473  
-0.0128448536  
-0.008441303831  
0.005424005283  
0.01526581382  
0.0014708194  
0.004316214221  
0.007312206594  
-0.01318749636  
0.01164308635  
-0.02071908879  
0.00460092162  
-0.008032410363  
-0.004450986892  
0.001257430609  
0.001514919747  
-0.0385171174  
-0.007748134389  
-0.03242658919  
-0.05320243593  
-0.05728740405  
0.07136911214  
-0.1011783693  
0.03953658421  
-0.1287859812  
-0.05227538584  
0.1296139861  
0.05242096863  
-0.09542026249  
0.0344310218  
0.009700982713  
-0.1471359942  
0.01119375429  
-0.1242792029  
0.3108653543  
-0.0815187457  
-0.1831412766  
-0.01982829626  
-0.0001788474564  
-0.5690860147  
0.04860022885  
-0.2366423962  
-0.1610644842  
0.06792579395  
0.4647630169  
-0.2116174436  
0.5693808366  
0.003186837624  
0.8387752202  
-0.02479101566  
1.051115236  
2.325328267  
4.725598435  
2.566283441  
0.08789290556  
-4.330054128  
-0.1686685052  
1.672814025  
-2.082105643  
-0.7506184325  
2.878778416  
0.1943342807  
0.8288233794  
-0.2249130757  
-1.100733358  
1.285010276  
0.3914432747  
-0.8639908034  
-0.9482536986  
-0.2810560575  
-1.044639141  
-1.774215337  
-0.2306023671  
0.3797596229  
1.838043855  
0.2489854807  
-1.248831196  
0.2194158244  
1.330262328  
-1.610516967  
-0.5510224394  
2.277330747  
-1.748298389  
0.6445515474  
1.540893753  
-3.908633402  
