4.14021059e-15  
2.04895063e-09  
-1.824835476e-09  
0.001537456354  
-0.001313588197  
0.0005988825636  
-0.002810953622  
0.001022700397  
-0.002479454189  
-0.0002887826264  
-0.0004598337679  
0.0005418116282  
-0.0002461686874  
-0.001383325235  
0.003125138705  
-0.002098189471  
-0.0005921998661  
0.002779539572  
-0.003226797314  
-0.003619776657  
0.00332114631  
-0.001467988591  
-0.003781252584  
-0.002251198857  
0.003138261293  
0.0006612711033  
0.001100787877  
0.001977827232  
-0.0003675738852  
0.007289904706  
0.00534513176  
0.002000212659  
-0.004622416956  
-0.003605568291  
0.01540500574  
0.001898427866  
0.0001084734284  
-0.001024610349  
-0.003863360064  
0.004137211982  
-0.004727165794  
-0.005439994254  
0.004758005693  
0.007580395336  
0.008777392982  
-0.009552319729  
-0.004973824974  
0.0118133414  
-0.02421343854  
-0.009204966033  
0.01432245413  
0.03571477216  
0.08371715885  
0.03380120623  
-0.02245883973  
0.0104604399  
-0.004138370028  
-0.07901239183  
0.006014894777  
-0.06307151818  
0.04625081635  
-0.006479905599  
0.0214774234  
-0.06442724634  
-0.03251650382  
-0.02756526646  
0.01616186625  
0.08052755983  
-0.01585875314  
-0.02559125787  
0.05149155567  
0.02701278675  
-0.02372337611  
0.1234138518  
-0.008081702873  
0.09590564365  
0.1246106387  
-0.0994950088  
0.003206038598  
-0.09933980447  
-0.02058592079  
0.03184775974  
-0.09703067625  
-0.003842899919  
0.2460927044  
-0.1666328537  
0.2886945364  
0.0394918566  
-0.006286628625  
0.14384911  
0.102744056  
-0.141617984  
0.2819334606  
-0.08148943186  
0.2743368077  
0.005533369072  
0.2337808667  
-0.2256580609  
0.3211038657  
0.03190796732  
0.1810537494  
-0.4217414093  
0.8385538159  
-0.8280174506  
0.05839368852  
1.153938732  
0.1270602565  
0.9359843041  
0.6142106719  
0.5099899378  
0.551468474  
1.263793507  
-0.05007600558  
-1.197790948  
-1.599142819  
7.51917215  
-3.156300419  
-2.563319422  
5.910471728  
