2.878508691e-14  
4.228103061e-09  
1.943989222e-08  
0.0005359643071  
0.001665694473  
0.0009182029661  
0.0009677102881  
-0.0009314454703  
0.001341302684  
-0.0002423336462  
-0.001972986794  
0.0003183119624  
-0.00159710102  
-0.0005305830744  
0.002207621734  
0.001904180801  
0.001645203178  
0.0011861327  
-0.000288051121  
-0.001301355236  
-0.0009444971504  
-0.001014914722  
0.004301537688  
0.0001644476245  
0.005878539088  
0.003570488995  
-0.001371696598  
0.007119766629  
0.00250334335  
-0.001701008426  
0.00246616696  
-0.0003338843035  
-0.002047693022  
0.00317425427  
-0.0003749321068  
-0.001977223483  
0.002220530929  
0.007548002541  
0.002391869574  
-0.007132493575  
0.001407870881  
-0.007665090877  
-0.01020275112  
-0.002687715967  
-0.003503750684  
-0.007151140972  
0.00194930208  
0.006984140419  
-0.02989305054  
-0.003881027278  
0.02365929342  
0.03805666082  
-0.00141781363  
-0.03963450191  
0.0007627279466  
-0.007403597186  
0.02906815019  
-0.00723646029  
0.03280920535  
0.01911620406  
-0.00929332801  
0.009986694304  
0.005303142029  
0.02342802037  
0.006919980743  
0.01635306566  
-0.01997851821  
-0.05354470618  
0.0495030226  
0.05876585664  
-0.01499896675  
0.06115076075  
0.05444127309  
0.004955245785  
-0.06270111476  
-0.01022071808  
-0.05842512699  
0.003429152906  
0.02360709113  
-0.001963449486  
-0.04735478085  
0.0003142782154  
0.04396833752  
0.04399257799  
0.016567529  
0.2151547695  
-0.8099322371  
-0.3229085054  
-0.08761341776  
-0.651374281  
0.7249654892  
-0.3330226046  
-0.553729088  
-0.02664347293  
-0.5217003721  
0.2094810787  
-0.1332978413  
0.1841398896  
-0.3609411348  
0.1145211009  
-0.2294017645  
0.3264619958  
0.2685930634  
0.6032871243  
0.07569438906  
0.1857131906  
-0.6331418526  
0.5615582376  
1.366077151  
1.734762975  
0.9863112598  
3.036294927  
2.810611833  
-3.067859887  
-5.612261629  
-4.194906481  
2.263529109  
-1.860526605  
-4.945706974  
