-5.237284869e-14  
-2.572412628e-08  
-1.649704586e-08  
0.00191219087  
-0.0003048432191  
-0.002076194959  
0.001499317175  
0.001563160749  
-0.002440153512  
-0.002707321939  
0.002680812377  
-0.001957175893  
-0.001560156602  
-0.002163870341  
-0.001804228831  
0.0007994948423  
-0.0007932912798  
-0.00305779477  
0.001011412419  
0.002973127494  
-0.003605603165  
-0.0004855987935  
-0.001396744722  
-0.0001943843879  
-0.002406301447  
0.003888812476  
0.004646675559  
-0.002991668106  
0.0029883332  
-0.003684427373  
-0.001713186616  
-1.283186412e-05  
0.0007641315892  
-0.008691209485  
0.00449176193  
-0.00128644503  
0.006931675198  
-0.01524568092  
-0.005021295747  
0.005627915499  
0.01301227172  
0.01644861126  
0.003882193225  
0.00879084867  
0.006465130144  
-0.003255294313  
-0.0089472845  
-0.0006325200429  
-0.05305021279  
-0.01254849916  
-0.05675580823  
0.009500773971  
0.2240221268  
-0.1291676759  
-0.01670193157  
0.001941863352  
0.06671384167  
0.030885229  
-0.00528437843  
0.03123888549  
-0.02721178473  
0.00312828486  
-0.07171077964  
-0.02108812387  
0.02271993711  
0.01602435165  
-0.04227324153  
0.003920536416  
0.07676813551  
-0.02363938335  
-0.0850288299  
0.01429095464  
0.009024751357  
-0.05597824705  
0.0482379086  
-0.07095989892  
-0.06621474279  
0.1159398415  
-0.0007736885054  
0.08003317899  
0.03198963937  
0.1174719318  
0.01913645147  
0.1684016975  
0.3042014982  
0.06303669479  
-0.5190272456  
0.1885646144  
-0.4057183708  
1.005818021  
-0.7057463426  
0.59776736  
-1.119404484  
-0.4537387967  
1.434223046  
-0.1416113098  
0.05758677328  
1.836692593  
-1.496544443  
1.32143339  
-0.08939358414  
0.4040807446  
1.491561177  
0.5429330878  
-0.6808868025  
-0.4228909795  
-1.345117544  
1.098042766  
2.796025601  
-1.536698625  
-4.992316185  
3.603405159  
-3.245309331  
1.19165896  
-0.2896046485  
0.5462144151  
-1.346268682  
5.128164799  
-3.105212907  
