-7.394354733e-14  
-1.163965257e-08  
-4.172441901e-08  
-0.0001510416684  
0.0009823130722  
0.001377270325  
-0.001410224335  
-0.002217483026  
0.001032908467  
-0.0009216345354  
-0.001718029375  
-0.002669546442  
0.0001850153625  
-3.20462411e-05  
0.0007810055464  
-0.0001887865677  
0.001408175134  
-0.0003061447502  
-0.001886297352  
0.001565661311  
0.0005036510184  
-0.001691182527  
0.0004133341502  
-0.001667975891  
-0.003232911284  
-0.0008812301677  
0.0002115228704  
-0.006704443511  
0.0001452903054  
-0.006063916069  
0.0003008462852  
0.0005009319585  
0.001366053319  
0.001615813211  
-0.008207593192  
0.00338434207  
-5.335983553e-05  
0.0007007563468  
-0.01345632614  
0.002072249533  
-0.01781057963  
-0.006222241083  
-0.004473992616  
-0.007758092376  
-0.005717748342  
0.002189594327  
0.01927198495  
0.0002438630353  
0.005953330331  
0.02091867375  
-0.0258372777  
0.04139832277  
-0.02543048056  
0.005891619995  
-0.007189143447  
-0.03872149867  
0.004281641756  
0.03364701516  
0.03175577501  
-0.04446829825  
0.006429927349  
-0.01770363614  
0.01506399686  
-0.06385076386  
0.01856064201  
0.01114751327  
0.03798934941  
-0.1393883864  
-0.04486276327  
0.06046166549  
0.08516170005  
0.04556269953  
0.1114755748  
-0.06196535658  
-0.04931165648  
0.115944896  
0.07660356913  
-0.107597859  
-0.08602754042  
-0.137604197  
-0.19570152  
-0.3086943355  
0.2839740452  
-0.6162538796  
-2.105747071  
0.1168789197  
0.08804622407  
0.6280153367  
-0.4461227968  
-0.1663914576  
0.3313760947  
0.4405716547  
-0.270895574  
-0.08653270507  
0.9837018611  
0.9923896284  
-1.32657811  
0.4837742542  
0.7332513289  
0.8313786788  
-1.220730683  
2.025106079  
-2.15611591  
-4.481579566  
-0.3764486853  
-1.56547521  
2.067652247  
2.114634827  
0.3434679669  
1.493920281  
-2.379979955  
0.8957242149  
3.277550289  
0.4525901482  
1.047444786  
0.386660743  
1.549161519  
0.8106636557  
6.474754742  
