3.806616276e-14  
5.515923664e-09  
3.431544135e-08  
0.001984624851  
-0.000225013435  
-0.001647132238  
0.002836974917  
-0.002348475727  
0.0001551561693  
0.001641168384  
-0.0005240798607  
0.001680434035  
0.001554975452  
-0.0007537626329  
0.0003461511726  
-0.003421763016  
0.0001726851893  
0.0006149719319  
0.0019996335  
0.004421937311  
-0.0001390408786  
0.003124405881  
0.001687220987  
-0.0001226746658  
-0.002455724498  
0.0004442413266  
0.00850920365  
0.00231479729  
-0.003382112946  
0.0002383372656  
-0.005134504154  
0.004656153239  
0.004727043893  
-0.003701231764  
0.002996638675  
-0.0006672061221  
0.001009078482  
-0.009876645287  
0.002353374796  
2.473877066e-05  
0.001455437455  
-0.003655359607  
0.002921330915  
-0.00235732867  
-0.002391776762  
0.01880913936  
0.01384942692  
0.009510635108  
-0.007553493792  
-0.02044009807  
-0.007898449679  
-0.01411809367  
-0.004243235187  
0.06394171067  
0.06730424216  
0.03179099928  
0.01559510942  
-0.05679206403  
-0.06326231411  
0.0436344194  
0.02905924544  
-0.04611449243  
-0.05837823894  
0.008899763166  
0.01354529457  
0.02047877275  
0.0225730218  
0.04528850695  
0.04109307259  
-0.06987226752  
0.05403834631  
-0.09246918669  
-0.09800274748  
-0.1293072275  
0.03896645375  
-0.1143518545  
-0.05942617617  
0.2348376513  
-0.1845082693  
0.08690298271  
-0.04645437603  
-0.2643357675  
0.1339519959  
-0.5504251322  
-1.347338971  
-0.2741597844  
-0.5123134877  
0.4825511735  
-1.923866663  
2.046187339  
-1.178047616  
1.298439564  
0.6081783925  
-2.208017715  
-1.555808283  
2.291259693  
0.5001549592  
0.1235726831  
2.280712404  
-1.375091519  
-2.944019318  
-2.014631954  
1.181517215  
0.1513618844  
-1.259354529  
1.503396508  
1.428645901  
0.9989316098  
-0.3425015808  
-2.646340121  
1.296315411  
0.6579184759  
-1.543389116  
0.7675866711  
-2.704856522  
-5.431960984  
-2.788039174  
-1.772340711  
-2.456511329  
