-3.607644137e-14  
-8.469415859e-10  
-2.583862772e-08  
0.0004776190505  
-0.0001078739142  
-7.958868424e-05  
-0.000166516906  
0.001033574688  
-0.0006469362898  
0.001025936399  
0.0004780182805  
-0.0006408872465  
0.001568213358  
-0.0008951579068  
-0.0008218880726  
-0.001438234415  
2.201017515e-05  
0.0006714790911  
0.001248179363  
-0.0002717053008  
0.0007973864092  
-0.0005589526161  
-0.004440866093  
0.00115380168  
0.0002082684935  
-0.0004288482725  
-0.003020442137  
-8.243478637e-05  
-0.001097519662  
0.003647536524  
0.0003594041234  
-0.0006937241306  
0.001855109671  
0.0001970106247  
-0.002007130408  
0.001341295956  
0.002158891448  
-0.00227143644  
-6.294457658e-05  
0.0007786073861  
-0.0002458999327  
-0.0006038844128  
-0.003899054553  
0.002992842888  
-0.002271655372  
0.005972523899  
0.003990105628  
-0.007273024836  
-0.007116118726  
0.004625717213  
-0.01382652973  
0.004982655785  
0.004220457367  
0.02187709773  
-0.06033907496  
0.04588546258  
-0.0001207960816  
0.03453788783  
-2.584439386e-06  
0.02372723445  
-0.0007075260671  
-0.01226712493  
-0.009675270698  
0.0007645982285  
-0.003289718073  
-0.01652703266  
-0.01228630417  
0.0007924493082  
-0.005450761445  
-0.03596696198  
-0.001095580781  
-0.02277978323  
0.01088900651  
-0.04898733393  
-0.01382051549  
-0.02218036676  
0.01865073884  
0.02378895337  
-0.0102077156  
-0.01427198661  
0.06397046322  
0.1001236473  
-0.09537470625  
-0.04334577986  
0.0971188422  
-0.1438600554  
0.3409902602  
0.2976546181  
-0.2517452243  
0.04272912712  
-0.3963639714  
-0.6278768533  
0.1998949355  
-0.3529571653  
-0.2395611772  
0.2593002471  
0.2206772307  
-0.09696178715  
0.1337620203  
0.05037408213  
0.1686604438  
-0.5809449755  
-0.1496761705  
0.7776880898  
-0.5097539084  
0.599541392  
-0.5768495352  
-0.2051263251  
0.006207315927  
0.8822163809  
-0.7048178454  
0.08522134984  
2.665991445  
0.584020854  
0.1384121247  
0.1592728824  
-0.3655327202  
7.476216498  
7.239901566  
