3.449832796e-14  
-3.712499813e-08  
4.362283843e-08  
-9.361613761e-05  
0.001353289194  
0.0002032938437  
0.002120285453  
0.003802856808  
0.0002152951578  
-0.000836652421  
0.0001388294728  
0.001741684091  
-0.0009784123817  
0.002050750108  
-0.002423226296  
-0.001013598568  
0.0005705587859  
0.0007151716936  
0.002085869484  
0.0005099454683  
0.00661945842  
0.001956316695  
-0.002745403891  
0.005654127763  
0.001871687568  
-0.004290001165  
-0.004275055503  
-0.0008826300262  
-0.001134192394  
0.006327203697  
-0.002174600219  
0.004113334806  
0.006522803304  
-0.002363045191  
0.00562391615  
-0.005633404096  
-0.003600353023  
0.005188751236  
0.004458233915  
0.004275457917  
-0.001521341931  
-0.01075985823  
0.01204587158  
0.0004242093535  
0.02634970978  
0.01954584845  
0.002527647192  
0.01322031684  
-0.01651143842  
-0.04886465984  
0.03808825777  
-0.04090858289  
0.0353401727  
-0.0243189946  
-0.01176491169  
0.07384551718  
0.03202782638  
0.05437041135  
-0.105926156  
0.1010095325  
0.1175541366  
-0.09270328208  
-0.06750716111  
0.1076251794  
0.04546627312  
-0.01892415723  
0.1055085014  
0.3444503193  
-0.08573924316  
-0.172179664  
-0.04514302373  
-0.1233960306  
-0.4549108248  
0.09590020276  
0.05953073822  
0.02457576234  
-0.03806484812  
0.3482313603  
-0.01927217879  
0.2462041194  
-0.02442494331  
-0.02766029079  
0.1733799777  
0.3973029411  
0.1593442895  
1.258617973  
-0.5771016172  
1.499393536  
0.447480849  
2.923372606  
0.7306105492  
-0.07114288551  
2.242076205  
1.070868709  
-0.1889620927  
-1.100081365  
-2.192621904  
2.031327296  
0.1143035357  
0.8008320534  
1.421303219  
0.4609454708  
2.789874514  
-1.843716866  
1.894891908  
-1.199036815  
0.6824486881  
-3.235131798  
-1.012026727  
-2.660376054  
1.579796271  
-0.08461456992  
3.296338554  
0.1120161594  
-2.994639895  
-0.65383646  
-0.9709380058  
5.056435275  
-1.03439502  
