2.635102116e-14  
-1.01069011e-08  
2.3715869e-08  
0.002112391862  
0.001517400074  
-9.554048107e-05  
0.0007109479494  
-0.001270959288  
0.001114025661  
-0.0006934194114  
0.002545831946  
-0.001528147865  
0.000334890622  
0.0006690989151  
-0.00222866845  
0.001229978254  
0.002099771136  
0.0003585400911  
-0.002747309045  
0.003978782248  
0.001027529627  
0.0006373204385  
-0.0005683723611  
-0.004073627531  
0.0004213484449  
-0.0009702661983  
0.003242735504  
-0.003517716841  
0.0004794744943  
-0.0004755120577  
0.0001445020411  
0.002365083205  
0.007421616021  
-0.001417403868  
-0.0004274674983  
0.0001854764694  
0.004182116259  
-0.003448269766  
-0.000463275146  
-0.002069713694  
0.002468596469  
0.004687490277  
-0.0009173918085  
0.0002178731906  
-0.0004726837772  
0.002977050893  
-0.007629234999  
-0.01672941583  
-0.0201969583  
0.0247815987  
-0.01266823383  
-0.02401481592  
0.01608722608  
0.05112065626  
-0.09504759508  
-0.02302282416  
-0.04257345619  
-0.02175543279  
0.03238183764  
-0.0154418449  
-0.07791411641  
0.04601383484  
0.04753368763  
0.06154340378  
-0.006586926964  
-0.02507624208  
0.005008635703  
-0.0942162419  
0.05146274686  
0.008208840219  
0.003874052532  
-0.03946575216  
0.1011851398  
-0.09070947218  
0.1150577098  
0.03091723495  
-0.1978972436  
-0.07931747169  
0.09595415722  
-0.09327164031  
0.04859944112  
0.07504066754  
-0.07803207416  
0.04108347658  
-0.348481422  
-0.4207733639  
0.2085545301  
0.3572014983  
0.9551810456  
-2.709311819  
-1.002712684  
-0.5230792297  
0.4259689664  
2.822785294  
-0.2247514517  
1.076944117  
0.1252931506  
2.988841537  
-1.424002208  
0.6263618036  
-1.360285135  
-4.493582193  
-1.201555439  
-1.588829341  
2.692082355  
1.571620352  
0.9431395004  
0.1492687809  
-0.4889561697  
-1.975082716  
2.097051767  
3.907777727  
-0.7914784725  
3.656367649  
0.1733964838  
-2.370923701  
-1.81679574  
1.784812862  
0.8355913665  
