-7.056268636e-15  
-2.462026479e-08  
9.792836909e-09  
0.0003807798728  
-0.0008833453811  
0.0005504896746  
0.002331702759  
0.002040213811  
0.0009674142855  
-0.0007326658268  
9.054111076e-05  
-0.0002977394631  
0.001763194686  
0.002021298362  
-0.001008984138  
-0.000841675233  
0.004238374826  
-0.0004808515293  
0.003628718604  
0.0005164480283  
0.003564723059  
0.002115108652  
-0.004297085213  
-0.001290813065  
0.003712459074  
-0.0003903937794  
0.0004910361391  
-0.0006416601662  
0.005829773774  
-0.00128772926  
0.003866065984  
-0.006547421791  
0.002255174189  
-0.004037765961  
-0.006206551952  
-0.01200808123  
0.001039773448  
0.008062264451  
0.002585726301  
0.009221440576  
0.003722884508  
-0.01071513848  
0.002976764424  
0.007380266782  
0.008948842581  
-0.0005466168801  
0.001193797238  
0.003415061803  
-0.04338345  
0.01495781803  
-0.06174922873  
-0.03188250809  
-0.05027067329  
-0.04419240746  
-0.009001613892  
-0.1030110326  
0.04626654102  
-0.007107654218  
-0.02592000277  
0.0543207346  
0.03532744486  
-0.01959998529  
0.05486131758  
-0.01031304043  
0.03777773047  
0.007576416749  
0.05785550733  
0.09522276129  
-0.1148401978  
-0.06226277425  
0.02384043441  
-0.04879384139  
-0.1581110618  
-0.07304283799  
0.0475586783  
0.05522340045  
-0.02050232818  
0.1126320573  
-0.01397824378  
-0.04050083784  
0.1283943686  
-0.2279011415  
0.1713647018  
-0.0412389283  
-0.5742301683  
-0.405284381  
0.0765160851  
1.712259488  
0.9516220114  
2.10702013  
-0.7789814621  
-0.09240907824  
-1.277774184  
1.670329936  
-0.1790978297  
-3.990688369  
-0.06998075476  
-0.4326364575  
-0.1255361068  
-0.9538239038  
-3.434762374  
-3.084107452  
-0.9134484959  
-0.7000407043  
-0.3506079639  
-0.5650537518  
-1.939564741  
0.8040597371  
-1.205427042  
2.359653299  
-1.60911318  
-0.7590003746  
-0.3781534378  
-6.835243185  
1.756533305  
-0.8506306066  
1.169333102  
-0.5052317058  
0.2741908638  
