-4.313174315e-14  
1.277634921e-08  
-3.181785796e-08  
-8.440974065e-06  
0.001224111914  
-0.0004749980294  
0.001232399211  
0.001688975968  
-0.001475239774  
0.002132062629  
-0.0003890373747  
-0.003900673419  
0.0001200010701  
-0.0004346670198  
-0.0007805310988  
-0.0006498436866  
0.0009383343233  
-0.000810680148  
-0.0001168656778  
0.002743572874  
0.002983345854  
0.001011146138  
-0.002568374433  
-0.001002189728  
-0.001409222087  
-0.0004677123245  
0.0007647430633  
-0.005286652456  
0.001270395245  
-0.003035016137  
-0.007283898869  
0.002393687476  
0.009508959887  
0.001996127076  
-0.005287410093  
-0.00412196178  
0.005195573379  
-0.003427341836  
-0.0037067805  
-0.0009020092319  
-0.00238440192  
0.002714793817  
-0.004841541368  
-0.002709706021  
-0.01364480219  
0.01811453953  
0.01618894014  
-0.03309830919  
0.003430405003  
-0.0006947854071  
-0.0437776137  
0.02062550341  
-0.04638745152  
0.07975742499  
0.03391405952  
-0.05739436221  
-0.02365468009  
-0.107271734  
-0.0296505274  
0.05391403876  
0.01926496946  
-0.02411775023  
0.0383572163  
0.01171721863  
0.02509415497  
0.1015854439  
-0.003702241741  
0.1687292982  
0.05427655023  
-0.001738629759  
-0.07046096441  
0.01084160264  
-0.2566688426  
0.0989064444  
0.05937190058  
-0.06351769352  
-0.3486108826  
0.3229665131  
0.05283901892  
0.3256659958  
-0.0925213265  
-0.02472895875  
-0.05532467066  
0.496086586  
1.286533086  
0.338068496  
-3.610271735  
-0.5752791823  
-1.470195175  
-1.197549503  
0.8969661962  
3.937558143  
1.683884501  
0.09582931983  
-1.402338644  
-1.617453823  
0.6089413876  
-1.478901949  
0.4635304105  
2.953820736  
0.1519768886  
-0.9302854123  
-0.5730440585  
-1.332833083  
-0.7290240816  
0.7896144268  
-0.8413477117  
0.2683978648  
-1.948402344  
1.377069627  
-0.1699438327  
1.854522068  
-0.2199121989  
0.2826269357  
3.332513748  
0.5843231201  
-1.343468531  
5.104819513  
3.268057053  
