3.421699751e-15  
2.187425218e-08  
-1.529652148e-08  
-0.001330190298  
-0.0004971411916  
-0.001739507168  
-0.0003696421568  
-0.00317944108  
0.0003699905878  
-0.000399455845  
0.001895603816  
-0.001755890724  
-0.0009531987135  
0.001894843726  
0.002286503571  
-1.472635566e-05  
-3.831517094e-05  
-0.003966807795  
-0.005342910357  
0.001729552558  
0.0003416324242  
0.001762894622  
-0.0006743540901  
-0.001077232091  
0.002814308364  
0.001905017682  
0.009444745802  
-0.005789375095  
0.002786547076  
-0.007991175241  
0.003237562948  
9.146655215e-05  
0.002286182448  
-0.0007925229146  
-0.007726064491  
0.00103906176  
0.007630337095  
0.004084314337  
-0.00655313714  
0.002329341505  
0.0002391689088  
-0.003912014398  
0.0007407205641  
-0.01252955615  
-0.006736775598  
-0.0009822160484  
0.006474593736  
-0.0101610568  
0.00166024272  
0.01562602014  
-0.02577784749  
0.06674896162  
-0.0352781178  
-0.08333563035  
-0.04678787307  
-0.02260658655  
0.009158795906  
0.1264642869  
-0.002494879864  
-0.02040006419  
0.09743390677  
-0.02940284695  
0.0520161693  
-0.0985695702  
0.02809983973  
0.03548814878  
0.1034076392  
0.1454091344  
-0.1304420482  
0.02119928913  
0.03161441091  
-0.01911249435  
-0.2101621001  
0.09407709041  
-0.07557361038  
0.1632703335  
0.05492422292  
-0.06895024276  
0.08321999835  
-0.08274411912  
0.07757466514  
0.1398270283  
-0.05629885781  
0.3878716387  
1.359686488  
-0.3289593205  
0.6359846429  
1.697439102  
1.24431016  
0.6465871945  
1.701352603  
-1.59121331  
-0.3258854516  
-2.593307254  
-3.176403909  
0.3793931064  
1.005336023  
-2.545307163  
-4.362659986  
0.3140964474  
-1.61603603  
0.4648129347  
-0.5419676474  
-2.655526768  
-0.9086797302  
-1.629272624  
0.533903029  
-1.357882307  
-1.445316  
-1.571284431  
0.3754236753  
4.063480747  
-2.11112096  
2.599471866  
-0.4463482123  
-0.2535709815  
0.120231588  
0.3673294409  
3.626610795  
