-1.845397902e-14  
-1.807700717e-08  
-6.494894807e-09  
0.001194290451  
1.776001144e-05  
-0.0006260557857  
-0.003347063079  
0.000843068304  
-0.002647239169  
0.0006225480472  
-0.002854907751  
0.002476253736  
-0.004185943611  
0.0002436469968  
-0.002432212019  
0.001054711525  
0.0009249443524  
-0.0005005781791  
-0.00237716833  
0.004195346554  
-0.0002832318112  
0.001255558709  
-0.004365268685  
0.003713167212  
-0.004147652373  
-0.001762692079  
0.0008299846268  
-0.002973603654  
0.000127243051  
-0.006211054011  
-0.0001023326511  
0.001246585989  
0.003267575527  
0.002950080603  
-0.003590150372  
0.0001293087438  
-0.003039365894  
0.006924773844  
-0.0005941695279  
-0.004551226171  
-0.002288396558  
-0.004408567655  
0.01153924538  
0.01974373985  
0.007897517134  
-0.01221146484  
-0.006621228891  
-0.02612034544  
0.03259930835  
-0.01050024992  
-0.02082063139  
-0.0191550928  
0.03129499044  
0.03776254814  
-0.04596485988  
0.01949762343  
0.00380654056  
-0.02343304865  
0.004042334933  
0.01639062405  
-0.03601791086  
0.06689836195  
-0.0006066570437  
-0.08416734184  
0.08679086656  
0.03579445389  
0.01656383601  
0.01832854169  
-0.0379055797  
0.008600163988  
-0.1099205512  
0.03515884716  
0.0845159002  
-0.04042298153  
0.02700425436  
0.1301443554  
-0.1559267655  
0.1396749565  
0.01083114897  
0.06788785354  
-0.02695445324  
0.3306057485  
0.1406574311  
0.0799900676  
-0.3652677017  
1.06576961  
-1.040368089  
1.673281072  
-0.05556969049  
-1.808621641  
-3.078099309  
-0.6171080549  
-2.47103342  
0.3163941009  
0.8250612014  
0.376863394  
2.460722162  
-2.508766463  
1.90354205  
0.2403850033  
0.4603295486  
0.9028424672  
3.385479799  
-2.190052758  
2.368870553  
-1.855622364  
-2.876143014  
-0.8575269394  
-3.214459059  
-0.8192949516  
-0.5490519236  
-0.2735196714  
0.4521857287  
1.77806887  
-3.495534519  
-1.785354131  
-0.853382705  
-1.844968285  
2.7833758  
