6.349411546e-14  
1.189844651e-08  
3.842928003e-08  
-0.0003146534605  
-0.0003110450008  
-0.0004100559934  
-0.0002403573791  
-0.001068820549  
-0.0006907327281  
0.001595260227  
-0.0007706191282  
0.000147214704  
-0.0006603529011  
0.002842432025  
0.003211238753  
-0.00141700588  
-0.0006838941  
0.001128455072  
-0.004023908793  
-0.001587379526  
0.008170732315  
0.002646105067  
0.00198384494  
0.002863667767  
-0.001003535388  
0.003269931782  
-0.00149044157  
-0.006092992558  
0.002347122237  
-0.004008491099  
0.01423879133  
0.001318833142  
-0.002251868522  
0.004941241715  
-0.005534126159  
-0.004761544498  
-0.00166644236  
0.0142810189  
-0.01137644796  
-0.002778915364  
-0.009887185955  
-0.02060885951  
-0.01034917412  
0.01167280785  
0.01427616742  
-0.03199818261  
0.003045039839  
0.03946413736  
0.0323435529  
0.01315075883  
0.04283541079  
-0.009100749646  
-0.06554722458  
0.02954677815  
-0.006218817196  
0.1079839297  
-0.0914596702  
0.009749914745  
0.1221985348  
-0.3101610746  
0.1529085209  
0.05365324392  
0.06348456158  
-0.1086308162  
-0.1267423395  
-0.05833233709  
0.04182481775  
-0.338765106  
-0.157954527  
0.1769492616  
0.2089418645  
0.1924258974  
0.3940285871  
0.1286568788  
-0.1420449023  
0.3512934859  
0.5432248763  
-0.676764015  
-0.003507383137  
-0.7533663229  
-0.1593272098  
-0.06975938061  
-0.0490957393  
-0.8668646622  
-1.06715604  
0.2271638026  
-0.4794120908  
-0.9260692829  
-0.5300715645  
-1.351192407  
0.8383604281  
-2.374463709  
2.091558846  
-1.976316399  
2.918553126  
-1.656303393  
2.084467283  
-0.1362793538  
-1.024946998  
3.173639716  
-2.225205324  
-0.8095907452  
2.110485592  
0.6134330028  
-0.5202696354  
-0.6742134163  
1.55550538  
0.1791179616  
-0.3377565002  
-3.574088775  
0.8352579751  
-1.528232499  
1.652957074  
-3.943004814  
2.885070666  
-3.528386299  
-0.2053217386  
1.124051283  
-0.01865155496  
