1.747579373e-15  
1.901593075e-08  
-2.218260322e-08  
0.00224147789  
0.000244354526  
0.001353291416  
-0.0004476317259  
0.0003445131994  
-0.0009321986285  
-0.0009344779103  
0.002594605221  
0.002568709667  
-0.001588801721  
-0.001459533722  
-0.0004944527312  
-0.002304621207  
0.0001901368188  
-0.0004562537782  
0.000154508162  
0.005866222979  
0.003595654712  
0.002748587234  
-0.01226465124  
-0.001877692924  
-0.0001284005955  
-0.007690477737  
0.003357643342  
-0.002837316295  
0.00110022176  
-0.00415626453  
-0.004268038133  
0.001716858117  
0.007729313262  
-0.003949163943  
0.005023429523  
0.001560187891  
0.002723571728  
-0.007773400525  
-0.003853495541  
0.01662285522  
-0.009168145191  
-0.01459517906  
-0.003507805096  
-0.0004697201587  
-0.01050342245  
0.02338818042  
0.02082657478  
-0.004090876229  
-0.02435201363  
0.006053483677  
-0.07334505919  
0.0490493127  
0.004899550196  
0.02663004926  
0.05707561082  
0.0885157443  
-0.01010331855  
-0.03676243821  
-0.01235046176  
-0.2227819496  
0.1674451566  
-0.03238888034  
0.03354862494  
-0.1756926023  
-0.02109602466  
0.04929939524  
0.04927497704  
0.2089449854  
-0.2284228278  
0.009002689776  
0.1136715535  
-0.008508946245  
-0.341768008  
0.4005145512  
-0.0295786867  
0.35226832  
0.2852281821  
-0.3105526209  
-0.09029583022  
-0.03334871449  
-0.3624954245  
-0.3927606008  
0.543735889  
-0.059338348  
-0.998277327  
1.121826918  
2.874228109  
1.716169444  
1.948779429  
-0.3687324205  
4.211860686  
2.74828103  
0.07342095745  
-0.6700084142  
1.080257759  
0.03198980379  
2.039028566  
0.2074638951  
2.538031326  
0.5603486091  
-0.5129191075  
-0.7401894194  
0.8801099144  
2.528792132  
2.181240303  
0.08071074467  
-0.7205808127  
-0.8603944027  
-0.9857342279  
2.111865811  
-1.971487468  
2.422578141  
-0.7907167579  
2.557709578  
-0.443203792  
-4.022129072  
-1.945616385  
-0.9023996764  
2.754359186  
