-3.61154304e-14  
3.748163366e-08  
-5.266585234e-08  
0.001914524735  
0.001824685844  
-0.0007411704835  
0.002114920068  
-0.001995646292  
-0.000575337364  
-0.0008885774888  
0.0008245066391  
0.0005543243352  
-0.002090627825  
0.006784141945  
-0.001498233588  
0.00210484691  
0.003075166925  
-0.001495514694  
-0.005260915321  
0.001099126718  
0.003539160106  
0.003103368141  
-0.0002328077785  
-0.0009004655573  
0.00549272872  
-0.003154269606  
0.008517875681  
-0.002322123011  
0.007295709904  
-0.002666821733  
0.001729495007  
0.008536636451  
-0.002491604554  
-0.002192672052  
-0.003247004397  
-0.001128993189  
-0.006809321964  
0.0001386591283  
0.003899827304  
-0.00602372768  
0.007683723692  
-0.01380894855  
0.001047660501  
0.005271999755  
0.01178181867  
-0.02847944026  
-0.006645471594  
0.03738348754  
-0.01409428404  
-0.006541416601  
-0.003414233686  
-0.06817604717  
0.06537523311  
0.02797776759  
-0.09303317167  
0.07694910884  
-0.06725522318  
-0.01715337442  
-0.03852959666  
-0.01760294116  
-0.06936611504  
0.03923646938  
0.06983541575  
0.06052158452  
-0.1491567718  
-0.03669091419  
-0.09974935328  
-0.1760746932  
0.01445717093  
0.03021638461  
-0.1413789967  
-0.004760367719  
0.06698410133  
0.130333128  
-0.04487168775  
-0.07457587922  
0.131598602  
-0.3057948727  
0.188152791  
-0.1897976072  
0.3215128232  
0.3697898629  
-0.8145701438  
0.2836567282  
2.532542255  
-1.526510794  
3.520765611  
-2.976592445  
-1.06515047  
-0.9489365105  
-0.9771429064  
1.763547078  
-2.07031108  
-1.800376584  
-2.3204956  
-2.414781774  
0.3469167829  
3.274062362  
1.706955525  
0.8518225028  
-1.805363364  
1.117800413  
1.209681135  
-2.501308378  
0.9897775115  
-0.5316185229  
0.7227568302  
-2.630199964  
-1.422974395  
-1.091008284  
-1.51706433  
-0.6205836692  
3.237965123  
-1.760633984  
-0.6980804345  
-1.609877957  
-0.7753692388  
-1.265270634  
1.684621983  
