3.242589632e-14  
1.838410529e-08  
1.047733239e-08  
-0.003129057059  
-0.00194058273  
-0.0005093232544  
-0.0009912472501  
0.0007267450656  
-0.0002524394331  
0.002379723119  
0.0009511502423  
-0.0001849248369  
-0.0007585580552  
0.001021804244  
0.0002187062818  
0.001838982153  
-0.001694610043  
0.004063787465  
-0.001791411722  
-0.004099493949  
-0.000946163673  
-0.002974622626  
0.007185104812  
-0.0002015665904  
0.002862339544  
-0.0002931711004  
-0.001224618692  
0.003133447245  
-0.004834817882  
0.004212637967  
-0.001838009157  
0.003111291088  
0.0002341223994  
0.001532316181  
0.004876019551  
0.004962812675  
-0.004977593748  
0.0003395918863  
-0.004621879523  
0.002925027986  
-0.007376242969  
0.001620164375  
0.000604319138  
0.006479929783  
0.01185210063  
-0.02380268486  
0.02348766707  
-0.01347553301  
0.01506225045  
0.03799445431  
0.02837930208  
-0.004213111073  
-0.03115299207  
-0.07076347281  
0.1022149269  
0.01532538716  
0.03800126437  
0.05197513936  
0.01325742324  
0.01477901696  
-0.01036944351  
-0.02200239218  
-0.005032048911  
-0.01392218763  
0.03954644871  
0.04425005375  
0.03069313489  
0.07168699326  
0.04543084943  
-0.03358903643  
-0.05275620776  
-0.01625974896  
-0.0670043648  
0.06004749621  
-0.03482066912  
0.01292870401  
-0.14733931  
0.08595433941  
0.009834427248  
0.1561215416  
-0.09689952684  
0.0810983442  
0.1006839556  
0.1351182361  
0.1635347351  
0.01782542157  
0.02516123964  
0.1774592951  
0.1551424434  
0.0323931805  
-0.01102426699  
0.231671259  
0.1816760581  
0.1559446083  
-0.1301195174  
-0.06552114558  
-0.08962608762  
0.1057941634  
0.0930767734  
-0.1912912141  
-0.1606076338  
1.276282319  
-1.020230549  
0.6672034055  
0.8689623855  
0.6515093852  
-1.096518121  
1.327176773  
-0.3975870748  
-2.852666001  
0.2130558467  
0.5441152728  
0.156059516  
-1.511859229  
0.5234652754  
-1.231949055  
0.5939510278  
-1.084527068  
9.831557234  
