-1.758049434e-14  
-4.79440989e-08  
1.689407339e-08  
0.0005074286534  
0.0005498728037  
-0.0001812675749  
0.0008037530087  
0.001091113252  
-0.0007705224874  
0.0006130513488  
0.002195079238  
0.0008241286042  
-0.0003181737155  
0.00136779355  
-0.001256437695  
-0.002053101108  
-0.0002020609296  
-0.002187453091  
0.0007989163026  
0.002000295336  
0.003045702689  
0.0007924435316  
0.002091429082  
0.002898214405  
0.004882231463  
-0.001302663284  
-0.002790529059  
-0.001770134128  
0.000717112199  
-0.003172355367  
0.006691047027  
0.0005661154299  
-0.001932268135  
0.004349488703  
-0.004785045566  
-0.01080473273  
0.00632543974  
0.006890451805  
0.0004094896068  
-0.005535824661  
0.01057321958  
-0.0009314034646  
-0.01425667384  
0.005710461752  
0.006070518584  
0.005657742294  
-0.01656011077  
0.0125672166  
-0.008474193179  
-0.02968904478  
-0.01566245752  
0.02190439564  
0.04548969769  
0.006175474171  
0.03708840578  
-0.08427728379  
0.03488061843  
-0.1338244588  
-0.01469671031  
-0.03197583092  
0.007233377526  
0.02572418776  
-0.01091190312  
0.0102969709  
-0.04569572104  
-0.04400908349  
-0.008420201334  
0.03368870586  
0.0217397126  
0.02794654048  
-0.0002788735056  
0.0257408532  
0.04231243795  
0.08038327031  
0.06038330094  
0.0176978933  
0.08283127781  
-0.06249324059  
0.01029456366  
-0.09017007417  
-0.03160210322  
-0.09104894102  
0.02820931756  
0.03781215316  
0.03456748629  
0.09667097909  
-0.01180263369  
-0.3908849875  
0.9234628871  
-0.3757239962  
0.06886944566  
-0.0417866091  
-0.07101520184  
0.2876882816  
-0.6403574459  
-0.05860710802  
-0.7754157896  
-0.3296004282  
0.02158778792  
-0.7325129028  
0.9137485614  
-0.05917853482  
2.187266441  
-0.7846932511  
-0.7895017578  
0.6996634441  
0.9301791273  
1.142722522  
0.8017700747  
0.5342267044  
-0.4647562633  
0.08188151774  
-0.7225413189  
-0.6701026657  
2.283807347  
-5.766861575  
-1.049307373  
-0.2446155459  
7.995972737  
