9.674601352e-16  
6.612803505e-09  
-9.04347893e-09  
-0.001545938701  
0.002021049589  
0.001480276206  
0.0002548109315  
0.002631019053  
0.0003723588959  
0.000743798933  
0.003192912953  
0.001426016561  
0.002148216183  
0.001031047931  
0.0004549856272  
0.001749336235  
-0.006261144916  
0.0002409566929  
0.001933090283  
-9.996978968e-05  
0.002506734675  
0.003723833929  
0.004768661047  
0.004137129242  
0.005968560688  
-0.003422618018  
0.0004500099845  
0.001208549014  
-6.04903292e-05  
-0.004190560917  
0.003323035972  
-0.001305675895  
0.001141927022  
0.007279551231  
-0.005537196256  
-0.002091553766  
0.01829216348  
0.01141740187  
0.003892053625  
-0.0001757118132  
0.003153038405  
-0.005037002794  
-0.0280781623  
0.00770297127  
-0.001813016811  
0.009264305402  
-0.007639580242  
0.004451874532  
-0.01766174862  
-0.002984467333  
-0.02712964978  
0.03229631928  
0.008710424698  
-0.06461365635  
-0.0002107946265  
0.0755187683  
-0.06050557104  
-0.01629017819  
-0.02907399142  
0.03004182747  
0.02147136116  
-0.01330558452  
-0.006903268146  
0.04148852118  
-0.01349628765  
-0.03197407603  
-0.007344753782  
0.05308148662  
0.0274415314  
-0.03525313013  
0.01601780592  
-0.06382021641  
-0.06927228159  
0.07198665103  
0.02035476054  
-0.06159866621  
0.01894805793  
0.02621052136  
0.04142258498  
-0.02034797219  
0.081061953  
-0.01461429986  
-0.03496331116  
-0.03412456154  
0.03182086534  
-0.111649618  
0.106854228  
-0.1561983857  
0.1784543343  
0.2084084348  
-0.04968905914  
0.02276802784  
0.1671518592  
-0.5305477007  
-0.3660867791  
0.2138065938  
0.01040140705  
-0.1353732535  
0.3617872798  
-0.4552956717  
1.260733469  
-1.419718972  
0.3992436007  
0.1433696747  
0.2561376739  
-0.9746821466  
-0.1099191452  
1.61747802  
-0.8246542215  
-1.28184906  
-1.262466521  
1.707236504  
2.453553059  
0.1845618447  
2.535943837  
2.546745573  
6.48111516  
-3.372871051  
-5.523622833  
