3.894514456e-14  
5.690956137e-09  
2.718453416e-08  
-0.001124245083  
-0.0009259107478  
0.0003129270086  
-6.279974127e-05  
-0.001055315144  
0.001224958284  
0.00248284389  
0.001430383814  
0.0002177518024  
0.002394809369  
0.001599545473  
-0.001045865938  
0.00376689322  
-0.003882352665  
0.0001514858047  
-0.001980558917  
-0.001834693794  
-0.005011587355  
-0.003875882215  
0.0004228770475  
0.0008152325022  
-0.004065047947  
-0.001236041426  
-0.000633851329  
-0.0005906866846  
-0.003506008577  
-0.003732081943  
-0.005569107619  
-0.003028878835  
0.003143996747  
0.005100562235  
-0.01203649533  
-0.0002177729137  
-0.0004767351119  
0.007580500707  
-0.005494690715  
0.007303208439  
-0.004467648008  
-0.004746217152  
-8.978131697e-05  
-0.008628948332  
-0.005558357332  
0.03111444586  
0.02675707815  
-0.002154639844  
0.0355955337  
-0.03689583367  
0.03059946876  
0.02322148612  
-0.02170029532  
0.02012664067  
0.02133118652  
-0.04436887866  
0.1276660673  
-0.02859710095  
0.01787771502  
-0.0846112409  
0.05865256183  
-0.02132982221  
0.01461069615  
-0.1199993571  
0.008112525224  
0.01588182914  
0.08128183072  
0.04144022027  
-0.01653723411  
0.09137927774  
0.02629210489  
0.08843933301  
0.0121543073  
0.06377512984  
-0.0117263575  
0.1180467666  
0.06976139861  
-0.09956970779  
-0.02795755475  
-0.05178753883  
-0.1778218748  
-0.09709246835  
0.01296677141  
-0.01381192788  
-0.08213981291  
0.1952748379  
-0.07409296559  
-0.1949248234  
-0.1870578865  
0.2119752411  
0.4836042632  
0.6192140379  
-0.2668784655  
0.7078874217  
0.2290681852  
0.4458945434  
-0.275015778  
-0.1625753935  
-1.420465113  
-0.1402186058  
-1.838299811  
0.3024060586  
1.625799428  
-0.4502221342  
-0.1732488861  
2.913809187  
-1.540719152  
-0.8643647679  
0.5982587419  
0.0720156589  
-0.4411164271  
-2.176520269  
1.775365732  
2.501883446  
0.4113576955  
1.763076614  
8.121590153  
-3.433751268  
1.156222775  
