1.853357247  
-0.9659873651  
1.070661671  
-0.3248008989  
-0.09093488678  
0.04532381988  
-0.3540429609  
-0.9853166641  
-0.07229263123  
0.9422952101  
-0.2116588186  
-0.7432292561  
-0.6753445411  
-0.7970823101  
-0.2912796523  
0.02495022055  
1.037078073  
1.57658918  
0.4374070736  
-1.455550551  
-0.003462094746  
1.043231235  
0.3273197501  
0.08905968528  
-1.830826389  
1.092563311  
-1.64542922  
0.2644905437  
-0.4071723645  
0.5650594708  
1.94465217  
-1.376795685  
-0.2565309815  
-1.078645271  
0.7166985572  
-1.140414485  
-1.265033129  
1.045186941  
-0.2412265132  
-1.511121425  
0.2938524016  
0.05975929786  
0.8709446507  
2.01516912  
1.668218522  
-0.8795078021  
-0.1952586209  
0.347887315  
0.7605521457  
0.2004428338  
0.06836421342  
-1.115793178  
1.222341594  
-1.194667793  
2.164326256  
-0.4623845807  
0.4291090026  
-0.6581702949  
-0.7058135295  
-1.241117618  
