1.097432823  
-1.020539987  
1.718222519  
-0.05652688755  
-1.167501842  
-0.2280260177  
-0.3959532145  
-0.6213719007  
-0.1811262315  
0.02749271985  
0.4039150837  
0.04031686699  
-0.05323705426  
1.096410203  
-1.214719928  
-1.02272185  
1.027884713  
-1.082628522  
1.887549724  
-1.129921254  
-0.6625179219  
0.1032419576  
1.090696265  
-0.1501486985  
-0.4971934874  
0.6594705651  
-0.8149730415  
-0.4376223562  
0.4513680638  
0.9180279574  
-0.2107812439  
-1.708795828  
-1.2451383  
0.2425377007  
0.6378785687  
0.01364094889  
0.5213476667  
0.4356519966  
0.5405963043  
1.478101353  
-0.8065302046  
1.114072415  
1.818141567  
-0.5802849147  
2.034201029  
-1.865883571  
0.2988655108  
-1.135310462  
0.7924303427  
1.434457736  
-1.293780478  
0.9834020132  
0.148197964  
0.0900462302  
0.0608360598  
-2.002286101  
-1.90492643  
0.9708940617  
-0.3394505331  
-0.307430668  
