-0.01693132774  
-1.795556638  
-0.4460964075  
1.600346735  
0.8735572682  
0.3825738343  
-1.862322113  
0.07850311635  
0.2419760727  
0.3526052087  
-0.157048404  
-1.279152907  
0.03729875442  
1.950747201  
1.345377615  
0.4793791847  
0.5768116192  
1.181788446  
0.7777915944  
-1.497967653  
-2.003120451  
0.8017543128  
1.502608049  
0.5695170611  
-0.6747894567  
-1.72694402  
-0.5870468766  
-1.464597743  
-0.4870604246  
0.6037116485  
0.1551869825  
-0.5695468568  
-0.2164406213  
0.454154185  
1.081558465  
-2.185384446  
0.4382561719  
-0.9600782652  
0.2554552069  
-0.4042820293  
0.127090386  
0.7763047059  
-0.4995670018  
0.7222719942  
-0.4825715726  
1.634002423  
-0.373108489  
1.150763613  
-0.2330869735  
0.6463821142  
-0.3607280127  
-1.107840888  
0.1003341774  
0.1879994678  
0.8662945762  
1.581791687  
0.6554792425  
-0.2168406468  
-1.207082965  
-1.374479929  
