-0.4188596459  
-0.9111199972  
0.1955843637  
2.836505425  
0.08233763108  
-0.7082960747  
-0.1993211496  
-0.7878686954  
1.017738555  
0.08415774298  
-0.755191696  
-2.372292154  
-1.290911731  
1.32529256  
-0.4129491172  
-1.688318871  
0.5393108064  
1.493972803  
-0.01659659467  
0.6569117011  
1.190138727  
1.663068693  
1.292580656  
0.4846319613  
-0.8757415965  
0.0436250789  
0.1959245205  
-0.5038613156  
0.6833886009  
-0.5540273657  
-0.679378378  
-0.6493951108  
1.336538156  
-1.639671547  
-1.100494706  
-1.460908603  
-0.3912534019  
0.7884030745  
-0.6507789228  
-0.6292502414  
0.7508830344  
0.3488617536  
1.648358084  
0.9690501269  
1.149863292  
-1.080730889  
-1.1561384  
-1.337509436  
0.9181223908  
-0.2181833714  
0.2522754436  
0.498016663  
-0.4019026569  
0.9311474993  
0.09799471462  
-0.2133120202  
0.5654587638  
-0.4059261681  
-0.9767799425  
0.446826979  
