-0.7416112688  
-0.6628845294  
0.2521616467  
-0.5337898123  
0.1450457437  
-0.6655934248  
-1.688263037  
0.3302182467  
0.4733719539  
0.5415558511  
-0.4903545089  
0.5913158511  
0.6093268591  
1.349093144  
-1.577944796  
-0.1839060728  
-0.372290347  
1.400953969  
0.5983278512  
0.4698419192  
-1.180677358  
2.287021357  
1.281007291  
-0.4301186099  
0.3804958573  
-0.1182769875  
-0.6514128449  
1.671569073  
-0.8568971516  
-1.622452543  
-0.5332051928  
0.07769058218  
0.1598970522  
0.08139334155  
-0.4968722536  
0.01755577632  
0.9121412153  
-0.08461168927  
-1.360722121  
0.4381067838  
-1.570721567  
0.09988058087  
1.837794051  
1.973971447  
1.520037148  
-0.1224759786  
-1.722402793  
-0.4555487526  
-1.668670288  
0.7973540414  
-1.570411454  
0.6146435338  
1.567915635  
1.037218947  
-0.8213880084  
0.5714128129  
-0.6824205084  
-0.224581374  
-0.3869842651  
-0.6108300245  
