0.2823969154  
0.2630917806  
-0.5647557511  
-1.352474024  
0.1581147002  
-0.05651331767  
0.7089875545  
0.1551111344  
-2.366404134  
-0.8090511733  
1.364429489  
-1.268290111  
-0.444871978  
1.675115918  
2.280396405  
0.1637775738  
1.103055399  
0.07853678752  
0.9966138258  
0.9310100949  
0.6409641792  
0.270018808  
-1.945376672  
0.4365614326  
-1.00436343  
-2.109731611  
0.6447813309  
-0.9460686133  
-0.3275671257  
0.7016708478  
-0.01122802114  
-0.1222853861  
2.163396451  
-0.2482632168  
0.2297212703  
-1.449229939  
-1.915002903  
0.9588840369  
-0.5943717861  
0.6852381251  
1.386596154  
-0.05149639052  
-0.2271948781  
-0.2852042682  
-0.04633585865  
-0.5032618133  
-0.4716835708  
0.1928176443  
-0.4289406047  
-0.27705686  
1.213189119  
-0.3952167454  
-0.1530799728  
0.1205994612  
-0.00604982245  
0.5822491064  
1.305671061  
-1.908921369  
0.8439167481  
-0.2466220053  
