0.7546474029  
0.8277029781  
1.037377437  
-1.226975791  
0.4967388552  
-1.745639366  
0.6707095401  
-1.145966917  
-1.336877963  
-0.3779541435  
-0.550750792  
-0.2456650503  
-1.543015103  
0.4995324123  
-0.4490828593  
-0.1335395523  
1.744004691  
1.460328011  
0.1850515335  
-0.8285854002  
0.3354765043  
-0.6058857571  
1.799106093  
0.02723195749  
-0.128773874  
0.6221970406  
0.4204215449  
-1.090935707  
-0.9487604509  
1.874136709  
-0.4595552445  
1.851963758  
0.37069256  
0.6443057984  
0.3446757505  
-0.0609806782  
-0.6380389002  
-0.7728478662  
0.1337620441  
-0.2247204139  
0.04205087941  
0.8534075354  
-0.1121242024  
-0.6115253316  
-0.2578122408  
0.4106695601  
0.4326990174  
-0.4878318895  
0.8415629838  
-1.753379711  
0.4358647518  
-1.989205806  
-0.04634057431  
-0.5756470502  
-1.280832051  
0.1983576305  
0.5182017146  
-0.9283446499  
-0.5372136972  
3.261932339  
