1.318374831  
0.9440916042  
-1.826200187  
0.4605478021  
0.9813284039  
-1.159419673  
-1.624273137  
-0.4064406873  
1.70921926  
-0.08628321028  
1.279635736  
-0.8750619236  
-1.241604769  
1.222611827  
-0.7049548274  
-0.6367953726  
-0.8835858676  
-0.4585210542  
0.7692614206  
0.8263625757  
0.3081938103  
-0.1462809364  
0.7068767366  
0.3161973317  
-0.6225063657  
-1.319212489  
-0.3781317541  
0.8870398728  
0.7226231358  
-1.712569025  
0.9820596657  
0.1038644466  
0.5418003079  
-0.2737924434  
0.6834643951  
0.2974889303  
-0.5459805313  
0.5287781256  
0.7969288476  
1.084159281  
0.3099420991  
-0.1549550677  
-0.7645771078  
-1.104171501  
-0.8668386778  
-0.08088827095  
-1.204920556  
0.9028547507  
-0.3981306365  
-1.28913278  
-1.668325677  
0.02905304995  
1.001202012  
3.358697209  
0.4942997687  
0.4874668111  
-0.3812335362  
-1.466590145  
0.01496031936  
0.2119938438  
