-2.48262928  
1.582416534  
-0.8004519379  
0.7322614056  
-0.7630186541  
-1.034332542  
1.403380374  
-0.5154047625  
-1.409635369  
-0.07285892148  
2.022283193  
-1.378399356  
1.243607204  
0.9117720206  
-1.402880405  
1.545903843  
-0.1432941871  
0.2253489575  
0.8425349742  
-1.241002611  
-0.08979286945  
0.4499203844  
1.008694538  
0.8003426416  
1.929365076  
-0.8188615793  
-0.4272762189  
-0.5672436935  
-1.691358098  
-0.395232582  
-0.8680695082  
0.04221765615  
2.036241798  
-0.9341299467  
0.2478109665  
0.425544611  
0.09957666726  
0.8210502926  
-0.1867283421  
0.9887345994  
-0.1048600287  
0.5589228476  
-0.0661477463  
-0.6151424599  
-1.542712214  
-0.09156900762  
-0.8212310775  
1.225541376  
-0.5341828454  
-1.476894289  
0.04409647572  
0.6095633456  
0.2529317844  
0.7176075481  
0.02098139998  
0.4219359732  
0.3514358015  
0.5023262462  
-0.4577806072  
-1.131229395  
