-0.7904971366  
-0.8854245593  
-1.801741924  
0.4748823829  
-1.456958404  
-0.9780136192  
0.3613293459  
1.01494884  
0.07334252856  
1.113068346  
1.137104851  
0.5564668447  
0.3531205379  
1.560916963  
-0.4065716272  
0.7492201986  
0.3342999099  
-0.2660436718  
-0.07353242379  
0.7124730612  
0.4090215789  
1.108673178  
1.497265592  
-2.462384979  
-0.6526731347  
-0.8012614377  
-0.8300474354  
-0.06195103248  
-2.626524262  
1.816992284  
1.92117931  
0.2953057898  
-0.2850012858  
-1.334013971  
-0.3862269692  
-0.5517924192  
0.3888875807  
1.535259882  
-0.09812272289  
-0.3121137429  
0.2959474898  
-0.41916577  
0.2768014771  
1.06333684  
0.4983641563  
1.191763932  
-1.445885419  
-1.376113973  
-0.07604967033  
-0.4749501938  
-0.9033691489  
0.002466750664  
0.5823087499  
1.143677785  
-1.456952498  
0.1843846812  
-0.1439330282  
-0.3523452916  
0.5108699719  
0.5459809136  
