-0.7190331632  
0.03853526576  
-0.958146953  
0.6736256194  
-0.1760255895  
1.273714411  
-0.3832496291  
-0.2752010996  
-1.199971717  
1.474283589  
0.3703326281  
0.5478532716  
0.5390065319  
-1.003161558  
0.09767153672  
-1.041638836  
0.1017948434  
-0.2139761604  
0.4820728977  
-0.6190151914  
0.1374209877  
1.055943598  
0.06984795779  
1.505224245  
-1.107039332  
-0.4137301371  
2.029183973  
0.2098478446  
-0.643623786  
-0.9138243898  
1.380438073  
0.2091190368  
0.07470366628  
-0.9416218319  
-1.762227976  
0.138785685  
-1.417752834  
-1.090191869  
-0.4721890649  
-0.2531643338  
-0.01885517548  
0.8107758796  
1.514078275  
0.451914019  
0.9185652041  
-0.854801759  
1.982392227  
-1.056541758  
1.491371395  
0.4337206718  
-1.914187903  
-0.8366338876  
1.040202053  
-1.114048207  
-0.9037183077  
1.163569488  
-0.2770701202  
-0.3149250643  
-1.531566328  
2.211139089  
