-1.000448454  
0.172468107  
0.8360139821  
0.5352162815  
0.372215219  
-0.704790563  
-0.6991883143  
1.106935272  
0.1462793502  
-0.340180598  
-0.508219781  
0.08320260505  
0.4087415217  
-2.79324883  
0.5808324826  
-1.969726457  
1.400757226  
-0.144792058  
-0.02225664322  
0.1752386129  
-0.8126110061  
0.4678494006  
1.379489291  
-0.4026974021  
0.2234726126  
-1.21343373  
2.787916957  
0.327656087  
-1.240128863  
-0.63781009  
-1.01139481  
0.8320804752  
0.1860190523  
0.6122736312  
-0.4171437006  
0.7409856771  
0.5848011702  
2.70513262  
-0.04199816738  
-0.0681915622  
0.5089633671  
0.6843322365  
0.0009388317439  
-0.4188578126  
-0.2144884328  
0.7933857972  
-1.161822682  
-1.021098213  
-0.3681767214  
-1.081563847  
-1.34693489  
0.4957890871  
0.5055933424  
0.9484587294  
0.9851193636  
0.2207816937  
-0.4879752051  
0.3431424487  
0.2757339412  
-2.298637639  
