-0.6926690836  
-0.009043737168  
-0.324829865  
-0.6660640369  
-0.2281510435  
-0.1944937571  
0.3742492091  
-0.1944418072  
1.788521387  
-0.6153492468  
0.6190901646  
-0.3105392239  
-0.6569871397  
-0.1367982011  
2.298187197  
1.208711016  
-0.5165107523  
-0.419663751  
1.002349515  
-0.1884947448  
-0.2272373221  
-0.8288666842  
-1.091074105  
-0.376905661  
-0.5993942207  
-0.08059918682  
1.456257551  
-1.144504796  
-0.6426150097  
-0.2417276531  
-0.5702007054  
1.039270411  
2.015179546  
-0.882819865  
0.881805084  
0.5046818585  
-1.662288488  
0.3676186676  
-0.6155111533  
1.723355007  
1.913350387  
-0.8655566028  
-1.020755759  
-0.6025498211  
-0.625437582  
1.13674499  
-0.2310063567  
1.154535021  
-0.8793741613  
-1.102409594  
1.285987302  
-0.8936624335  
-0.7566508632  
-1.751870375  
-1.26611202  
1.107841531  
1.134085285  
-1.182169394  
1.048319715  
1.235195362  
