0.632804114  
-0.04865511261  
-0.454681047  
-0.2099835712  
-0.08899838895  
-0.5197422011  
1.248102325  
-0.9118460983  
-0.05914799317  
-0.7368994335  
0.4081404824  
-0.3417197998  
-1.146285238  
0.06883812788  
0.9584698455  
-0.1924970288  
-0.167041108  
0.1270785124  
1.679377372  
0.5748764594  
0.3172676518  
-0.6994933586  
-1.213515592  
-0.7564366632  
-0.6233953667  
0.3650045556  
2.72819372  
-1.070077299  
-0.9328616029  
0.9332328907  
-0.4198455214  
-0.09767760343  
1.882319368  
-0.5169262146  
2.047606438  
-1.178526647  
-1.633431073  
0.548279744  
-0.334771967  
0.312570933  
1.795807355  
-0.6747579105  
-1.410083176  
0.4495545871  
-0.2892339427  
-0.1458295479  
0.4388956715  
1.374525352  
0.5207938295  
-0.9157886265  
1.295696022  
-2.099514454  
-0.6299915829  
-1.764705239  
-0.3136466163  
0.7801293849  
1.184745892  
-0.9114237507  
-0.3165788513  
1.153698993  
