-0.6739231271  
-0.3934601573  
0.2820222623  
1.132173511  
-0.7556440353  
-0.880114094  
0.4838177853  
-0.636267089  
-0.2392452469  
-0.460304546  
0.2896924942  
-0.1505365019  
-0.4104265683  
0.4499689914  
1.046171806  
-0.0365865156  
1.085711588  
-0.06548318666  
2.126361405  
0.1694353129  
1.450335015  
-0.4166828491  
-1.159828522  
-1.049781643  
-0.6013762082  
-0.5891166266  
0.4166628312  
-0.3948722214  
-1.365218164  
-0.4825466177  
-0.4569805526  
-0.01565123292  
2.170347499  
-0.2098557923  
1.650245622  
-0.2827872048  
-0.9727379171  
0.9411486088  
-1.224035697  
1.547824782  
1.935818926  
-0.1149721331  
-1.221685556  
-0.2549583403  
-0.515391401  
1.158535712  
-1.45596049  
-0.2458013127  
0.2893039261  
-1.400572977  
0.8283279504  
-1.61893093  
-0.4833556896  
-1.245488486  
-0.4666682375  
1.30696965  
1.614333599  
-1.440233476  
0.2177484886  
1.794523577  
