-0.4816324337  
1.480049528  
-0.82658668  
-0.6153834362  
0.6789371059  
0.3802489732  
0.3789010128  
-0.3514730256  
0.3183513059  
-1.392104272  
0.1823056165  
1.917430473  
-0.7651933289  
-0.9522004268  
1.885533872  
2.340522572  
-1.180174813  
-0.8488822338  
-0.2574284621  
-0.6137845277  
-1.02516977  
-1.110763298  
-1.27585124  
0.222816935  
-0.1662917804  
0.3236562923  
0.811209891  
-1.073878104  
0.5995625951  
-0.6305914347  
-0.8651980246  
1.956420202  
1.07682226  
-0.6428811289  
0.2596456459  
0.2991990919  
-0.2184455252  
-0.822925215  
1.315312451  
0.5350540949  
0.8751999233  
-1.370277432  
-1.103455316  
-0.5740233085  
-0.7024557028  
1.611097766  
0.9355486799  
1.323090173  
-0.9891081236  
0.2291596074  
1.160299528  
-0.6893894528  
-1.197618557  
-0.5585803369  
-0.8866621602  
0.2174523849  
0.1816096074  
-0.5499251432  
1.973505222  
-0.7306081154  
