0.5969469687  
-1.22919913  
1.325875283  
0.6137249963  
-0.2391449549  
-0.2547075729  
0.7891581965  
-0.508494978  
-0.1562343069  
0.5627712613  
-0.9263015578  
-1.22101614  
-0.2162407766  
-0.1883295816  
-0.113493985  
-2.625275225  
-0.08418229702  
0.6086408074  
1.144964025  
0.3205102109  
0.4854727385  
-0.9573037032  
-0.2519878921  
-0.4073287437  
-0.5832106142  
1.035617027  
0.01130607017  
0.8431070667  
-0.8333054724  
-0.3043760089  
2.048705072  
-0.9024001531  
2.515025359  
0.4919771022  
1.200769331  
-0.6217089301  
-0.5901819303  
1.297785642  
-0.3810794307  
-0.7381515958  
1.723426477  
1.073992515  
0.01163316822  
-2.122905637  
-0.268439377  
-1.066246579  
0.6647839049  
-0.1073219713  
-0.8302348625  
0.3431253011  
0.5362346603  
-0.460309768  
0.3755690822  
-0.6012938177  
-2.337857323  
0.6614738777  
1.349257044  
0.6422155851  
-1.35063133  
0.2048268732  
