-0.485608994  
0.7566257386  
-0.285659778  
-0.1267445854  
0.06586510918  
0.02524747619  
-0.1214870481  
0.386016723  
-0.4328518625  
0.1054470581  
1.306850927  
0.3648071772  
0.5473958179  
-3.636499509  
-0.01511389599  
0.928142779  
0.4943936114  
-0.8513158563  
0.7921300723  
0.5971682309  
0.3163515801  
-0.4658732418  
-0.988400232  
-1.363357681  
1.36735818  
-0.8084654482  
-1.655446588  
-0.1135256918  
0.2759677594  
0.3568987657  
-0.6477828979  
0.2902847182  
1.271880219  
1.075419817  
0.1381244758  
0.3584940417  
0.2819733757  
-0.8358000541  
0.5894480996  
1.324893919  
0.3709327162  
0.9874343047  
0.01928563536  
-1.206569676  
-0.6989916512  
0.7887015351  
-0.08812861414  
0.2087901795  
0.5359065916  
-0.34436579  
0.2170170799  
0.428646668  
0.1699176575  
0.3006263346  
-2.843316078  
0.9108400477  
0.4862524233  
0.756084706  
0.9110300684  
-3.093346447  
