-0.0710193512  
-0.3473435588  
0.6208375498  
-0.02030912445  
-0.3671527936  
0.1966831954  
-1.720727152  
1.380789415  
-1.705371493  
0.1553815361  
1.859642558  
0.2512908548  
1.490778453  
-0.05312218301  
-0.6944006385  
1.268537284  
-0.5823456821  
-0.9607395358  
-0.2005559135  
1.218018333  
-0.9800785307  
-0.4514685564  
0.6247040971  
-1.083139535  
1.360804598  
0.4319326201  
-1.645280404  
-1.641602402  
1.138892526  
-1.238127115  
-0.2116533806  
0.760285334  
0.2287834045  
0.3358546514  
-0.5833532213  
0.494527681  
1.082584561  
-0.06481064421  
-0.02557910454  
0.8795080775  
-0.2724037068  
0.2411264355  
0.1570171611  
-0.6654467005  
-0.4710923768  
1.757497425  
-1.822891201  
-0.8188370192  
-0.7791646356  
-0.5142781471  
-1.326105567  
2.071214389  
0.2954662276  
0.5579729661  
-0.8964226463  
1.762045443  
0.05948117403  
1.440534704  
-0.4335444842  
-1.473825852  
