1.070199649  
-0.7177859366  
0.8198468936  
0.8595343507  
-1.362754646  
-1.36477968  
1.31518897  
-1.758774114  
-0.6140593926  
0.470576077  
-0.1014949657  
-1.310956021  
-1.243824511  
0.2554643754  
0.9627381387  
-0.4094403086  
0.1240269554  
0.667911136  
-0.3269799811  
1.174461605  
1.103379498  
0.1778734215  
-0.04588793008  
-0.591567205  
-0.601734464  
0.6628636853  
0.2721796738  
0.5684041392  
-2.112768945  
0.3882677161  
1.404950838  
-0.2100184056  
2.644312931  
0.7074348543  
-0.4747303379  
-1.30923136  
-1.618550099  
-0.02731571985  
-1.271490763  
0.9882032733  
0.8246564576  
0.9304039641  
0.06422129449  
0.4386151401  
0.7423349017  
1.068098067  
0.8125133445  
0.6870381169  
-0.1809948545  
-0.6064374461  
-0.4395420786  
-2.198282739  
0.9034969061  
-1.967076975  
0.3398941804  
0.1040756093  
-0.8482667536  
-0.2005367801  
0.7707768923  
-0.4086606438  
