-0.4477630925  
0.6609564365  
-0.7228850166  
0.7072199896  
0.8695842452  
0.01124662899  
0.1133715322  
1.4307991  
-0.375947279  
-0.1212102224  
-1.42697782  
-0.1567910832  
0.6867688027  
-1.73476689  
-0.1427942032  
0.3591577847  
-0.02182458622  
0.2396920308  
0.09986381447  
-0.628239422  
-0.094059134  
1.181968847  
-1.205185711  
0.8976638145  
1.066047829  
-1.773481004  
-0.102344102  
-1.373430962  
1.003797614  
0.3179788379  
-0.1969716092  
0.3672888653  
0.34835412  
0.3773147234  
0.5293606595  
-1.103980029  
0.5195283132  
-0.7997258742  
1.129459492  
0.4862180853  
0.2487827828  
-1.212061347  
0.509904064  
0.4717394968  
0.03145586083  
0.6074318797  
-1.637095663  
0.5801146815  
-1.898217149  
-0.03041599005  
-1.840497572  
1.742251345  
0.4054248587  
2.313280713  
-0.6252027047  
-1.259031359  
-2.064444249  
2.073797287  
-0.4831378976  
1.090657437  
