-0.9148335999  
1.412558642  
0.01319831197  
-0.6166711515  
-0.5149084924  
-0.6890986986  
-0.02967254336  
-0.1393962184  
-0.6090548871  
0.5097102469  
0.2566927653  
1.044834857  
-0.5953577819  
0.1790380177  
1.223745178  
0.3179743652  
0.2444125657  
-0.02701883232  
1.44393769  
0.9613387295  
0.327741397  
-1.287800289  
-0.7142381022  
-1.642910903  
1.97115842  
-1.547551631  
-1.533514315  
0.7110106113  
-1.25642282  
0.2508827987  
-0.5591896335  
1.483168591  
1.399064623  
0.2563489756  
0.5027658413  
-1.629291034  
-1.85181457  
0.4565291117  
-0.04482128397  
0.2483907354  
1.207167311  
1.776019266  
-0.2306362368  
-1.473084598  
-1.022634802  
1.10070874  
-0.5695814942  
-0.3185462913  
1.695971758  
-1.73669392  
0.09638830375  
-0.3353480435  
-0.6448758006  
-1.584948517  
0.1213628323  
1.280996195  
0.5371880815  
0.6612671288  
0.6337548677  
-0.2054104667  
