-1.581992816  
-0.4006568384  
-0.2102409991  
1.091854626  
-0.6458076758  
-0.9662459175  
-0.7730091146  
0.7635447007  
1.018243283  
-0.2353503275  
1.064353847  
2.366738901  
0.3103264051  
0.2518760362  
-2.098012234  
-0.6375134395  
0.5657078246  
-0.4393464743  
-0.05050348808  
1.699259246  
-0.05124887026  
0.3954802572  
0.5104061759  
0.8388090783  
0.7194713582  
0.08941789031  
-1.643101021  
-0.02308016668  
-1.009496502  
-0.6245303699  
-0.5441514471  
-0.06177459317  
0.1688620421  
2.514834426  
-0.9920921045  
-0.13204343  
-0.5722436281  
1.213551738  
-0.7054546619  
1.854929255  
-1.521985175  
0.2091567989  
-0.1534291967  
-0.9904206686  
-1.28233516  
-0.6410741176  
0.3177541992  
-1.609250364  
0.1241819323  
-1.735036832  
0.7258029185  
0.3349718048  
-0.8200271781  
1.425294187  
0.768950234  
-0.06407283421  
0.07269883047  
0.4145099876  
1.402947304  
-0.01840764264  
