1.931001921  
0.1810483165  
-1.364679216  
0.7286175318  
-0.4083511995  
1.55194427  
0.4502642799  
-0.670376526  
0.03107764248  
0.4806684596  
-1.140692589  
-1.361270336  
1.498715913  
-0.4600363652  
-0.1199469026  
-1.116477133  
-0.3381998399  
0.5053364887  
0.1579398336  
-0.3888716961  
0.006178448452  
-0.8031812762  
0.5362214221  
-1.463151203  
0.2885719914  
-0.9890689279  
0.5993781711  
-0.8691759809  
0.6127517406  
-0.7057765936  
1.939038224  
-0.0293083633  
1.443607799  
-1.041992844  
0.3762697255  
-1.455451902  
-0.01088368176  
0.550748697  
-1.664788808  
0.08252189557  
0.8716847943  
0.6104015223  
1.040328435  
-0.3982014016  
1.554385609  
-0.881923809  
-0.7579339485  
-0.1517783083  
0.08728113315  
0.5569307129  
1.160867389  
0.03510257301  
2.342381776  
-1.789606931  
-0.6791578809  
-0.8948927959  
0.2541984948  
-2.079132231  
0.4923887264  
1.076454755  
