1.039733672  
-0.8865146531  
0.851034852  
0.4636907586  
0.009615410363  
0.1404007442  
0.05594874524  
-0.6175836531  
0.6810235677  
0.08142072287  
-1.401414364  
-0.8158361197  
-0.1964617779  
0.4637330553  
-2.111342421  
-0.992511162  
0.9457775134  
1.779416905  
-1.364005136  
-0.3083501578  
0.1845919358  
-0.3165384298  
-0.3972112786  
0.6208558649  
-0.7222656837  
1.287160608  
0.3317821324  
0.8325208426  
0.008364833629  
1.553879897  
1.733366325  
-0.09072009406  
-1.048959391  
0.09973127549  
-1.05097361  
0.1864850332  
0.02415405484  
-0.2545381635  
0.1160557343  
-1.69588902  
-1.549112134  
1.324689316  
0.1935946265  
0.6360254259  
0.9810984992  
-2.015051167  
0.9831469647  
-0.5757959782  
1.553549211  
1.387396069  
-1.285881464  
-0.0118465528  
1.038354675  
0.08098338259  
1.176046778  
-1.886881  
-1.357643454  
0.3809275194  
-1.064545691  
0.7913156086  
