1.391400339  
-0.6365253629  
2.207007973  
-0.5896630547  
-1.818204054  
0.2732003958  
-1.012027588  
-1.181396567  
-0.3341901958  
0.1674417737  
0.2656522565  
0.8428969369  
1.149963448  
1.013220761  
-0.9445819128  
0.9770249849  
1.361240797  
-1.82691575  
-1.66625756  
-0.4981099444  
0.2495350098  
1.047740277  
0.7511576817  
-1.34801118  
-0.2253643058  
-0.3711966687  
-0.4134238385  
0.5900204388  
1.157599851  
-0.6364097388  
0.3486310681  
-0.5416992465  
-0.01142952675  
0.5841176298  
-1.528361444  
-0.5294878216  
0.6632384026  
1.096683035  
0.128998262  
-1.625181594  
-0.9404028614  
1.18131831  
0.9007511214  
0.6004607634  
0.01220990313  
-0.8154657716  
-0.05531324912  
-0.2132228795  
1.79651489  
-0.4706413309  
-0.7691314112  
0.8228204248  
1.860822064  
-0.6996259544  
-1.325890329  
-0.8404384193  
-0.496458505  
1.336554741  
-0.9886988011  
0.5755033262  
