-0.5695569264  
0.502272933  
-1.968367337  
-0.6938621237  
0.7281863864  
1.09984165  
0.5187965256  
-0.2540921988  
1.176023096  
-1.587773162  
1.166891453  
0.2743463546  
0.4193103496  
-0.9987721084  
0.3290695353  
0.388940854  
-0.8862580329  
-1.365847598  
0.4754877332  
1.464885015  
0.5737295955  
-0.9534349147  
0.2037831836  
1.212513936  
0.826489598  
-1.060734762  
-1.989602402  
-1.122646343  
1.307785223  
-0.9763508175  
-2.275201943  
0.7273802841  
0.9416668252  
0.4360500576  
-0.2700850235  
0.7752232064  
0.6979484851  
3.228715508  
0.5210344815  
0.4139535775  
-0.05884745252  
-0.5422012283  
-0.8610127481  
-0.4348171615  
-0.3765785366  
0.2720813198  
0.6899765923  
-0.2319575772  
-1.589987858  
1.179083481  
-0.7826968137  
-0.0860242514  
-0.4242227537  
-0.1821765646  
-0.8035345063  
0.9317675737  
-0.3531671891  
-0.3224470649  
-0.1382299319  
0.6772525161  
