-0.4630285683  
-0.8085850828  
-0.04715955923  
-0.06997920169  
-0.794242184  
-0.6304697825  
-0.8815844455  
0.5098736305  
0.6456403519  
1.554148432  
1.63408023  
-0.7104995066  
-0.2925096296  
-0.876565699  
-1.632541096  
1.152164567  
-1.036338057  
-1.534231972  
-0.426812132  
1.828847385  
0.8046824425  
0.4098745854  
0.8040727096  
1.62129062  
1.11715972  
-1.40491487  
0.1947601413  
0.638461799  
-0.50990999  
-1.13710613  
-0.2649600065  
3.039911086  
-0.04236342631  
0.7097053039  
-0.241228739  
-0.3518916737  
1.325331122  
-0.3565794908  
-1.042336741  
-0.4556142792  
-0.7300578673  
0.5518708385  
0.8689295924  
-0.4276612898  
0.3759631252  
-1.075725256  
-1.297276016  
-0.8904074622  
-1.560958179  
0.6967517552  
-0.5321587278  
0.2992474642  
-0.01997915636  
1.652217275  
1.515064961  
-0.3919149846  
0.1735099059  
0.4472254409  
-1.112861945  
-0.5203313382  
