0.2902154516  
-1.814048026  
-0.01899118239  
0.6406477666  
1.604239405  
-0.1635606721  
-1.636165044  
0.7691066314  
0.4737126151  
1.647034578  
-0.4784499681  
-2.172415613  
0.3918155197  
2.151546377  
-1.439558137  
-1.528757579  
-0.6948396061  
-0.2918659286  
0.8805133869  
0.0002699293807  
-0.4554069637  
1.195805924  
0.7270110183  
1.48126497  
0.1329912897  
-1.033808754  
-0.458532968  
1.190371075  
-0.2083137876  
0.04596923639  
-0.124212864  
-0.06741754497  
0.219852097  
-1.607551591  
-0.5847369472  
0.2074401871  
0.1901279334  
0.3909897353  
1.36111972  
1.291283256  
-0.5530949382  
0.1160464842  
0.07635689917  
1.355778567  
-0.7500260761  
-0.6188856452  
-1.129948199  
-1.908004163  
-0.9632321212  
-1.105511368  
0.1975537149  
-1.405348422  
1.100437961  
1.005343241  
0.6164777019  
-0.4718312772  
0.118071762  
1.181551451  
0.7823367673  
-0.1487672632  
