0.4971053297  
0.7221535498  
1.172834998  
-1.053709286  
0.03949124104  
0.4294790345  
0.09238378002  
-0.4434907722  
-0.3044488693  
-0.1088383508  
0.02164045441  
-1.147907531  
-0.7333116558  
0.06769394852  
1.551246454  
0.6387086802  
-1.208262559  
-1.37990227  
0.6980410179  
-0.5150261251  
-0.4769241722  
1.439201902  
-1.529531688  
0.0610457386  
1.786130117  
0.9200297574  
0.5936009366  
-2.092488217  
-1.320495202  
-0.9032053412  
0.8791597324  
0.4452765864  
0.9900906505  
-1.356481364  
1.005634922  
-1.164225463  
-0.679088226  
0.691504598  
-1.633637934  
-0.08286122075  
1.095518013  
1.644354838  
-0.6245608962  
0.487672159  
0.9590901099  
1.174866977  
0.7257620884  
0.3380105307  
1.17181667  
0.1019773917  
0.6065700521  
-2.33725187  
-0.9438830277  
0.9677669093  
-1.078297751  
-0.1229960728  
0.04231944422  
-1.637314852  
0.3612703302  
0.4586917745  
