0.9736042177  
-0.03817332775  
-0.4548246648  
-1.327736547  
0.01448930534  
0.2363085938  
1.382531917  
-1.110380195  
0.7383001695  
-0.7769022487  
-0.5249325764  
-0.3936671906  
-0.9263950423  
-0.5103256928  
2.141209174  
0.7389972446  
-0.4649609106  
0.353660237  
1.181209834  
-0.8240610521  
0.05327214903  
-1.191021429  
-0.9904375495  
1.230268917  
-1.196628364  
0.5014731406  
1.986706999  
-0.4588921299  
-0.2145703455  
0.7082227063  
0.09030998236  
-0.3901855163  
1.948839576  
-1.483324525  
1.141208917  
-1.330010103  
-0.6875798081  
0.1546366559  
-0.6901730907  
0.4844090895  
1.719591609  
-1.195460057  
-1.305421293  
-0.3205751235  
-0.6953428173  
1.085653704  
0.07787835903  
1.150921368  
0.0879779625  
0.3158015061  
1.54665387  
-1.400704014  
-1.149427666  
-1.263780367  
-0.1466134163  
0.9153300078  
0.9724948935  
-1.661738972  
0.7560252348  
0.4362586953  
