2.313417566  
-1.654256668  
-0.1263915911  
1.298315243  
-0.5658308423  
-0.3189051178  
-0.02325269259  
-0.1795216968  
-0.002650971568  
-1.463721395  
-0.5705901486  
0.3098102159  
0.5104309048  
0.8715383529  
0.7398617178  
-0.9490097142  
-1.417241894  
1.296327454  
-0.3157614998  
-0.8973519983  
-1.221967147  
1.01483394  
0.07694048212  
2.270075695  
-1.310467599  
-0.06903148514  
-0.8643847976  
0.5806935873  
0.5846843731  
0.4592009885  
0.1072433361  
1.117976505  
-1.330211804  
-1.478020924  
0.6112873694  
0.9903322023  
0.3619954745  
-0.548919154  
-1.5119294  
-1.014184824  
-0.02971712265  
-1.238876937  
-0.3615801699  
1.575690351  
1.271874087  
-0.6149482543  
1.647485614  
-0.3517248451  
1.123624718  
0.4726353387  
0.5415518559  
0.6930591544  
0.743696739  
0.5691551127  
0.5569295185  
-0.6365852752  
-0.2147624172  
-0.3428231737  
-1.470200034  
-1.615846304  
