-0.7377848998  
0.2534017966  
-0.320251341  
0.7316794468  
-0.3525525992  
-0.6904795996  
-0.7687366968  
0.4236034327  
-1.399903436  
0.1727429581  
2.527284798  
0.2994279205  
0.05510369625  
-1.096209108  
1.343812572  
1.324445071  
0.2357796355  
-0.2443080003  
1.310392721  
0.6326811452  
0.04829317716  
-0.8321776994  
-0.6199789689  
-2.073910554  
1.216186486  
-1.375284952  
-0.5606617518  
0.4775911263  
-0.6983635613  
-0.2338003727  
-1.43067869  
-0.6631413139  
1.902898984  
0.7764485315  
0.687396298  
-0.3766035865  
-0.3634689323  
1.257725066  
-0.5863578018  
1.342569035  
1.244565217  
0.1583955312  
-0.6900471111  
-1.650597151  
-1.201648232  
1.49277346  
-0.8160128523  
0.008700420107  
-0.05770211313  
-1.889373686  
0.5139264663  
-0.3423430166  
-0.8690335444  
-0.6626564596  
-1.134210761  
1.310815318  
1.077977524  
0.2715248698  
0.9788138073  
0.66132228  
