0.7481558086  
-0.7582230691  
0.6117771439  
0.396307558  
0.08472344157  
0.4959676498  
-0.837271615  
0.2075180449  
-0.2241420431  
0.6605573573  
-1.424177395  
-0.5367467225  
0.7636069727  
0.7944701566  
-0.4840985351  
-1.97387835  
0.4698884708  
0.313260527  
-1.35988969  
-0.7775449058  
-0.4675548137  
0.9456704758  
1.056576813  
0.1703917018  
-0.4730830818  
0.3081877554  
-1.582496216  
0.5811887806  
0.4473823137  
0.3786682174  
0.646815214  
-1.306095434  
3.191882059  
0.02359285585  
-0.9856324362  
0.506101722  
0.7894976869  
-1.213768629  
-0.1455601211  
-2.117676422  
1.44231101  
0.4175249138  
0.8561967453  
0.9508696853  
0.9705276546  
-1.288488445  
0.1330469981  
-1.287182396  
0.8849209947  
0.7905728588  
-1.138384462  
0.6187279316  
0.9726835345  
0.8681785892  
1.060811386  
-1.248635749  
-0.9117434247  
0.0137258808  
-1.714712416  
-0.3153005356  
