-0.6284084852  
-0.06055626137  
-0.2531275713  
-0.2970537231  
0.5019788715  
0.09969208892  
-0.02608615084  
0.3603961137  
-1.237185844  
-0.4363563189  
0.5859188777  
-0.02849991058  
-0.2790150436  
-0.5933460808  
2.016859463  
1.494751416  
-0.590335032  
-0.2016885667  
1.653336648  
1.140709819  
0.429542688  
-0.6288861561  
-0.5488541898  
-0.3421375903  
-1.302847998  
-0.4291358949  
1.00693441  
-1.24443762  
-0.2723134402  
-0.3721169837  
-1.142239906  
0.8188288365  
1.146859532  
-1.463308104  
2.418108605  
-0.591812612  
-0.7991576412  
0.6153443912  
-0.3183181686  
0.5810767648  
1.120040468  
-0.9442180683  
-1.52503341  
-1.036481275  
-1.364462306  
1.162313876  
0.1643513559  
2.534633938  
0.165164998  
-0.7547874779  
1.242996971  
-1.041893169  
-1.353258397  
-0.9116995255  
-0.6916412397  
0.7448598873  
0.6792015237  
-1.034836899  
1.420880959  
0.6407545588  
